000000111,1,4,5
000000222,2,4,5
000001101,1,4,7
000001110,1,3,4
000001110,1,4,8
000001112,1,3,4
000001113,1,3,4
000002202,2,4,7
000002220,2,3,4
000002220,2,4,8
000002221,2,3,4
000002223,2,3,4
000010011,1,5,6
000011001,1,6,7
000011012,1,3,6
000011013,1,3,6
000011120,1,2,3
000011121,1,2,3
000011122,1,2,3
000011123,1,2,3
000011133,1,2,3
000020022,2,5,6
000022002,2,6,7
000022021,2,3,6
000022023,2,3,6
000022210,2,2,3
000022211,2,2,3
000022212,2,2,3
000022213,2,2,3
000022233,2,2,3
000100110,1,4,5
000100111,1,4,5
000100111,1,4,5
000100112,1,4,5
000100113,1,4,5
000100222,2,4,5
000102202,2,4,7
000102220,2,4,8
000110010,1,5,6
000110011,1,5,6
000110011,1,5,6
000110012,1,5,6
000110013,1,5,6
000110120,1,2,5
000110121,1,2,5
000110122,1,2,5
000110123,1,2,5
000110133,1,2,5
000111200,1,1,2
000111201,1,1,2
000111202,1,1,2
000111203,1,1,2
000111210,1,1,2
000111211,1,1,2
000111212,1,1,2
000111213,1,1,2
000111220,1,1,2
000111221,1,1,2
000111222,1,1,2
000111223,1,1,2
000111233,1,1,2
000111333,1,1,2
000120022,2,5,6
000122002,2,6,7
000122020,2,6,8
000122200,2,7,8
000200111,1,4,5
000200220,2,4,5
000200221,2,4,5
000200222,2,4,5
000200222,2,4,5
000200223,2,4,5
000201101,1,4,7
000201110,1,4,8
000210011,1,5,6
000211001,1,6,7
000211010,1,6,8
000211100,1,7,8
000220020,2,5,6
000220021,2,5,6
000220022,2,5,6
000220022,2,5,6
000220023,2,5,6
000220210,2,2,5
000220211,2,2,5
000220212,2,2,5
000220213,2,2,5
000220233,2,2,5
000222100,2,1,2
000222101,2,1,2
000222102,2,1,2
000222103,2,1,2
000222110,2,1,2
000222111,2,1,2
000222112,2,1,2
000222113,2,1,2
000222120,2,1,2
000222121,2,1,2
000222122,2,1,2
000222123,2,1,2
000222133,2,1,2
000222333,2,1,2
001000111,1,4,5
001000222,2,4,5
001001100,1,3,4
001001101,1,3,4
001001101,1,4,7
001001102,1,3,4
001001103,1,3,4
001001110,1,3,4
001001110,1,3,4
001001110,1,4,8
001001112,1,3,4
001001112,1,3,4
001001113,1,3,4
001001113,1,3,4
001001120,1,3,4
001001121,1,3,4
001001122,1,3,4
001001123,1,3,4
001001133,1,3,4
001002202,2,4,7
001002221,2,3,4
001002223,2,3,4
001010011,1,5,6
001020022,2,5,6
001022002,2,6,7
001022021,2,3,6
001022023,2,3,6
001022201,2,3,7
001022203,2,3,7
001100100,1,4,5
001100101,1,4,5
001100102,1,4,5
001100103,1,4,5
001100110,1,4,5
001100110,1,4,5
001100111,1,4,5
001100111,1,4,5
001100111,1,4,5
001100112,1,4,5
001100112,1,4,5
001100113,1,4,5
001100113,1,4,5
001100120,1,4,5
001100121,1,4,5
001100122,1,4,5
001100123,1,4,5
001100133,1,4,5
001100222,2,4,5
001101200,1,1,4
001101201,1,1,4
001101202,1,1,4
001101203,1,1,4
001101210,1,1,4
001101211,1,1,4
001101212,1,1,4
001101213,1,1,4
001101220,1,1,4
001101221,1,1,4
001101222,1,1,4
001101223,1,1,4
001101233,1,1,4
001101333,1,1,4
001102202,2,4,7
001102220,2,4,8
001112000,1,0,1
001112001,1,0,1
001112002,1,0,1
001112003,1,0,1
001112010,1,0,1
001112011,1,0,1
001112012,1,0,1
001112013,1,0,1
001112020,1,0,1
001112021,1,0,1
001112022,1,0,1
001112023,1,0,1
001112033,1,0,1
001112100,1,0,1
001112101,1,0,1
001112102,1,0,1
001112103,1,0,1
001112110,1,0,1
001112111,1,0,1
001112112,1,0,1
001112113,1,0,1
001112120,1,0,1
001112121,1,0,1
001112122,1,0,1
001112123,1,0,1
001112133,1,0,1
001112200,1,0,1
001112201,1,0,1
001112202,1,0,1
001112203,1,0,1
001112210,1,0,1
001112211,1,0,1
001112212,1,0,1
001112213,1,0,1
001112220,1,0,1
001112221,1,0,1
001112222,1,0,1
001112223,1,0,1
001112233,1,0,1
001112333,1,0,1
001113333,1,0,1
001120022,2,5,6
001122002,2,6,7
001122020,2,6,8
001122200,2,7,8
001200111,1,4,5
001200220,2,4,5
001200221,2,4,5
001200222,2,4,5
001200222,2,4,5
001200223,2,4,5
001201101,1,4,7
001201110,1,4,8
001202202,2,4,7
001210011,1,5,6
001211001,1,6,7
001211010,1,6,8
001211100,1,7,8
001220020,2,5,6
001220021,2,5,6
001220022,2,5,6
001220022,2,5,6
001220023,2,5,6
001220200,2,5,7
001220201,2,5,7
001220202,2,5,7
001220203,2,5,7
001222000,2,6,7
001222001,2,6,7
001222002,2,6,7
001222002,2,6,7
001222003,2,6,7
002000111,1,4,5
002000222,2,4,5
002001101,1,4,7
002001112,1,3,4
002001113,1,3,4
002002200,2,3,4
002002201,2,3,4
002002202,2,3,4
002002202,2,4,7
002002203,2,3,4
002002210,2,3,4
002002211,2,3,4
002002212,2,3,4
002002213,2,3,4
002002220,2,3,4
002002220,2,3,4
002002220,2,4,8
002002221,2,3,4
002002221,2,3,4
002002223,2,3,4
002002223,2,3,4
002002233,2,3,4
002010011,1,5,6
002011001,1,6,7
002011012,1,3,6
002011013,1,3,6
002011102,1,3,7
002011103,1,3,7
002020022,2,5,6
002100110,1,4,5
002100111,1,4,5
002100111,1,4,5
002100112,1,4,5
002100113,1,4,5
002100222,2,4,5
002101101,1,4,7
002102202,2,4,7
002102220,2,4,8
002110010,1,5,6
002110011,1,5,6
002110011,1,5,6
002110012,1,5,6
002110013,1,5,6
002110100,1,5,7
002110101,1,5,7
002110102,1,5,7
002110103,1,5,7
002111000,1,6,7
002111001,1,6,7
002111001,1,6,7
002111002,1,6,7
002111003,1,6,7
002120022,2,5,6
002122002,2,6,7
002122020,2,6,8
002122200,2,7,8
002200111,1,4,5
002200200,2,4,5
002200201,2,4,5
002200202,2,4,5
002200203,2,4,5
002200210,2,4,5
002200211,2,4,5
002200212,2,4,5
002200213,2,4,5
002200220,2,4,5
002200220,2,4,5
002200221,2,4,5
002200221,2,4,5
002200222,2,4,5
002200222,2,4,5
002200222,2,4,5
002200223,2,4,5
002200223,2,4,5
002200233,2,4,5
002201101,1,4,7
002201110,1,4,8
002202100,2,1,4
002202101,2,1,4
002202102,2,1,4
002202103,2,1,4
002202110,2,1,4
002202111,2,1,4
002202112,2,1,4
002202113,2,1,4
002202120,2,1,4
002202121,2,1,4
002202122,2,1,4
002202123,2,1,4
002202133,2,1,4
002202333,2,1,4
002210011,1,5,6
002211001,1,6,7
002211010,1,6,8
002211100,1,7,8
002221000,2,0,1
002221001,2,0,1
002221002,2,0,1
002221003,2,0,1
002221010,2,0,1
002221011,2,0,1
002221012,2,0,1
002221013,2,0,1
002221020,2,0,1
002221021,2,0,1
002221022,2,0,1
002221023,2,0,1
002221033,2,0,1
002221100,2,0,1
002221101,2,0,1
002221102,2,0,1
002221103,2,0,1
002221110,2,0,1
002221111,2,0,1
002221112,2,0,1
002221113,2,0,1
002221120,2,0,1
002221121,2,0,1
002221122,2,0,1
002221123,2,0,1
002221133,2,0,1
002221200,2,0,1
002221201,2,0,1
002221202,2,0,1
002221203,2,0,1
002221210,2,0,1
002221211,2,0,1
002221212,2,0,1
002221213,2,0,1
002221220,2,0,1
002221221,2,0,1
002221222,2,0,1
002221223,2,0,1
002221233,2,0,1
002221333,2,0,1
002223333,2,0,1
010000111,1,4,5
010000222,2,4,5
010001101,1,4,7
010001110,1,3,4
010001110,1,4,8
010001112,1,3,4
010001113,1,3,4
010002202,2,4,7
010002220,2,3,4
010002220,2,4,8
010002221,2,3,4
010002223,2,3,4
010010011,1,5,6
010011000,1,2,3
010011001,1,2,3
010011001,1,6,7
010011002,1,2,3
010011003,1,2,3
010011012,1,2,3
010011012,1,3,6
010011013,1,2,3
010011013,1,3,6
010011020,1,2,3
010011021,1,2,3
010011022,1,2,3
010011023,1,2,3
010011033,1,2,3
010011120,1,2,3
010011120,1,2,3
010011121,1,2,3
010011121,1,2,3
010011122,1,2,3
010011122,1,2,3
010011123,1,2,3
010011123,1,2,3
010011133,1,2,3
010011133,1,2,3
010011200,1,2,3
010011201,1,2,3
010011202,1,2,3
010011203,1,2,3
010011210,1,2,3
010011211,1,2,3
010011212,1,2,3
010011213,1,2,3
010011220,1,2,3
010011221,1,2,3
010011222,1,2,3
010011223,1,2,3
010011233,1,2,3
010011333,1,2,3
010020022,2,5,6
010022002,2,6,7
010022021,2,3,6
010022023,2,3,6
010022210,2,2,3
010022211,2,2,3
010022212,2,2,3
010022213,2,2,3
010022233,2,2,3
010100110,1,4,5
010100111,1,4,5
010100111,1,4,5
010100112,1,4,5
010100113,1,4,5
010100222,2,4,5
010102202,2,4,7
010102220,2,4,8
010120022,2,5,6
010122002,2,6,7
010122020,2,6,8
010122200,2,7,8
010200111,1,4,5
010200220,2,4,5
010200221,2,4,5
010200222,2,4,5
010200222,2,4,5
010200223,2,4,5
010201101,1,4,7
010201110,1,4,8
010210011,1,5,6
010211001,1,6,7
010211010,1,6,8
010211100,1,7,8
010220020,2,5,6
010220021,2,5,6
010220022,2,5,6
010220022,2,5,6
010220023,2,5,6
010220210,2,2,5
010220211,2,2,5
010220212,2,2,5
010220213,2,2,5
010220233,2,2,5
010222010,2,2,6
010222011,2,2,6
010222012,2,2,6
010222013,2,2,6
010222033,2,2,6
011000111,1,4,5
011000222,2,4,5
011001000,1,3,4
011001001,1,3,4
011001002,1,3,4
011001003,1,3,4
011001010,1,3,4
011001011,1,3,4
011001012,1,3,4
011001013,1,3,4
011001020,1,3,4
011001021,1,3,4
011001022,1,3,4
011001023,1,3,4
011001033,1,3,4
011001100,1,3,4
011001100,1,3,4
011001101,1,3,4
011001101,1,3,4
011001101,1,4,7
011001102,1,3,4
011001102,1,3,4
011001103,1,3,4
011001103,1,3,4
011001110,1,3,4
011001110,1,3,4
011001110,1,3,4
011001110,1,4,8
011001112,1,3,4
011001112,1,3,4
011001112,1,3,4
011001113,1,3,4
011001113,1,3,4
011001113,1,3,4
011001120,1,3,4
011001120,1,3,4
011001121,1,3,4
011001121,1,3,4
011001122,1,3,4
011001122,1,3,4
011001123,1,3,4
011001123,1,3,4
011001133,1,3,4
011001133,1,3,4
011001200,1,3,4
011001201,1,3,4
011001202,1,3,4
011001203,1,3,4
011001210,1,3,4
011001211,1,3,4
011001212,1,3,4
011001213,1,3,4
011001220,1,3,4
011001221,1,3,4
011001222,1,3,4
011001223,1,3,4
011001233,1,3,4
011001333,1,3,4
011002202,2,4,7
011002221,2,3,4
011002223,2,3,4
011012000,1,0,3
011012001,1,0,3
011012002,1,0,3
011012003,1,0,3
011012010,1,0,3
011012011,1,0,3
011012012,1,0,3
011012013,1,0,3
011012020,1,0,3
011012021,1,0,3
011012022,1,0,3
011012023,1,0,3
011012033,1,0,3
011012100,1,0,3
011012101,1,0,3
011012102,1,0,3
011012103,1,0,3
011012110,1,0,3
011012111,1,0,3
011012112,1,0,3
011012113,1,0,3
011012120,1,0,3
011012121,1,0,3
011012122,1,0,3
011012123,1,0,3
011012133,1,0,3
011012200,1,0,3
011012201,1,0,3
011012202,1,0,3
011012203,1,0,3
011012210,1,0,3
011012211,1,0,3
011012212,1,0,3
011012213,1,0,3
011012220,1,0,3
011012221,1,0,3
011012222,1,0,3
011012223,1,0,3
011012233,1,0,3
011012333,1,0,3
011013333,1,0,3
011020022,2,5,6
011022002,2,6,7
011022021,2,3,6
011022023,2,3,6
011022201,2,3,7
011022203,2,3,7
011100000,1,4,5
011100000,1,0,4
011100001,1,4,5
011100001,1,0,4
011100002,1,4,5
011100002,1,0,4
011100003,1,4,5
011100003,1,0,4
011100010,1,4,5
011100010,1,0,4
011100011,1,4,5
011100011,1,0,4
011100012,1,4,5
011100012,1,0,4
011100013,1,4,5
011100013,1,0,4
011100020,1,4,5
011100020,1,0,4
011100021,1,4,5
011100021,1,0,4
011100022,1,4,5
011100022,1,0,4
011100023,1,4,5
011100023,1,0,4
011100033,1,4,5
011100033,1,0,4
011100100,1,4,5
011100100,1,4,5
011100100,1,0,4
011100101,1,4,5
011100101,1,4,5
011100101,1,0,4
011100102,1,4,5
011100102,1,4,5
011100102,1,0,4
011100103,1,4,5
011100103,1,4,5
011100103,1,0,4
011100110,1,4,5
011100110,1,4,5
011100110,1,4,5
011100110,1,0,4
011100111,1,4,5
011100111,1,4,5
011100111,1,4,5
011100111,1,4,5
011100111,1,0,4
011100112,1,4,5
011100112,1,4,5
011100112,1,4,5
011100112,1,0,4
011100113,1,4,5
011100113,1,4,5
011100113,1,4,5
011100113,1,0,4
011100120,1,4,5
011100120,1,4,5
011100120,1,0,4
011100121,1,4,5
011100121,1,4,5
011100121,1,0,4
011100122,1,4,5
011100122,1,4,5
011100122,1,0,4
011100123,1,4,5
011100123,1,4,5
011100123,1,0,4
011100133,1,4,5
011100133,1,4,5
011100133,1,0,4
011102000,1,0,4
011102001,1,0,4
011102002,1,0,4
011102003,1,0,4
011102010,1,0,4
011102011,1,0,4
011102012,1,0,4
011102013,1,0,4
011102020,1,0,4
011102021,1,0,4
011102022,1,0,4
011102023,1,0,4
011102033,1,0,4
011102100,1,0,4
011102101,1,0,4
011102102,1,0,4
011102103,1,0,4
011102110,1,0,4
011102111,1,0,4
011102112,1,0,4
011102113,1,0,4
011102120,1,0,4
011102121,1,0,4
011102122,1,0,4
011102123,1,0,4
011102133,1,0,4
011102200,1,0,4
011102201,1,0,4
011102202,1,0,4
011102202,2,4,7
011102203,1,0,4
011102210,1,0,4
011102211,1,0,4
011102212,1,0,4
011102213,1,0,4
011102220,1,0,4
011102220,2,4,8
011102221,1,0,4
011102223,1,0,4
011102233,1,0,4
011102333,1,0,4
011103333,1,0,4
011120022,2,5,6
011122002,2,6,7
011122020,2,6,8
011122200,2,7,8
011200111,1,4,5
011200220,2,4,5
011200221,2,4,5
011200222,2,4,5
011200222,2,4,5
011200223,2,4,5
011201101,1,4,7
011201110,1,4,8
011202202,2,4,7
011210011,1,5,6
011211001,1,6,7
011211010,1,6,8
011211100,1,7,8
011220020,2,5,6
011220021,2,5,6
011220022,2,5,6
011220022,2,5,6
011220023,2,5,6
011220200,2,5,7
011220201,2,5,7
011220202,2,5,7
011220203,2,5,7
011222000,2,6,7
011222001,2,6,7
011222002,2,6,7
011222002,2,6,7
011222003,2,6,7
012000111,1,4,5
012000222,2,4,5
012001101,1,4,7
012001112,1,3,4
012001113,1,3,4
012002200,2,3,4
012002201,2,3,4
012002202,2,3,4
012002202,2,4,7
012002203,2,3,4
012002210,2,3,4
012002211,2,3,4
012002212,2,3,4
012002213,2,3,4
012002220,2,3,4
012002220,2,3,4
012002220,2,4,8
012002221,2,3,4
012002221,2,3,4
012002223,2,3,4
012002223,2,3,4
012002233,2,3,4
012010011,1,5,6
012011001,1,6,7
012011012,1,3,6
012011013,1,3,6
012011102,1,3,7
012011103,1,3,7
012020022,2,5,6
012022002,2,6,7
012022021,2,3,6
012022023,2,3,6
012100110,1,4,5
012100111,1,4,5
012100111,1,4,5
012100112,1,4,5
012100113,1,4,5
012100222,2,4,5
012101101,1,4,7
012102202,2,4,7
012102220,2,4,8
012110010,1,5,6
012110011,1,5,6
012110011,1,5,6
012110012,1,5,6
012110013,1,5,6
012110100,1,5,7
012110101,1,5,7
012110102,1,5,7
012110103,1,5,7
012111000,1,6,7
012111001,1,6,7
012111001,1,6,7
012111002,1,6,7
012111003,1,6,7
012120022,2,5,6
012122002,2,6,7
012122020,2,6,8
012122200,2,7,8
012200111,1,4,5
012200200,2,4,5
012200201,2,4,5
012200202,2,4,5
012200203,2,4,5
012200210,2,4,5
012200211,2,4,5
012200212,2,4,5
012200213,2,4,5
012200220,2,4,5
012200220,2,4,5
012200221,2,4,5
012200221,2,4,5
012200222,2,4,5
012200222,2,4,5
012200222,2,4,5
012200223,2,4,5
012200223,2,4,5
012200233,2,4,5
012201101,1,4,7
012201110,1,4,8
012202000,2,4,6
012202001,2,4,6
012202002,2,4,6
012202003,2,4,6
012202010,2,4,6
012202011,2,4,6
012202012,2,4,6
012202013,2,4,6
012202020,2,4,6
012202021,2,4,6
012202022,2,4,6
012202023,2,4,6
012202033,2,4,6
012210011,1,5,6
012211001,1,6,7
012211010,1,6,8
012211100,1,7,8
012220000,2,5,6
012220001,2,5,6
012220002,2,5,6
012220003,2,5,6
012220010,2,5,6
012220011,2,5,6
012220012,2,5,6
012220013,2,5,6
012220020,2,5,6
012220020,2,5,6
012220021,2,5,6
012220021,2,5,6
012220022,2,5,6
012220022,2,5,6
012220022,2,5,6
012220023,2,5,6
012220023,2,5,6
012220033,2,5,6
020000111,1,4,5
020000222,2,4,5
020001101,1,4,7
020001110,1,3,4
020001110,1,4,8
020001112,1,3,4
020001113,1,3,4
020002202,2,4,7
020002220,2,3,4
020002220,2,4,8
020002221,2,3,4
020002223,2,3,4
020010011,1,5,6
020011001,1,6,7
020011012,1,3,6
020011013,1,3,6
020011120,1,2,3
020011121,1,2,3
020011122,1,2,3
020011123,1,2,3
020011133,1,2,3
020020022,2,5,6
020022000,2,2,3
020022001,2,2,3
020022002,2,2,3
020022002,2,6,7
020022003,2,2,3
020022010,2,2,3
020022011,2,2,3
020022012,2,2,3
020022013,2,2,3
020022021,2,2,3
020022021,2,3,6
020022023,2,2,3
020022023,2,3,6
020022033,2,2,3
020022100,2,2,3
020022101,2,2,3
020022102,2,2,3
020022103,2,2,3
020022110,2,2,3
020022111,2,2,3
020022112,2,2,3
020022113,2,2,3
020022120,2,2,3
020022121,2,2,3
020022122,2,2,3
020022123,2,2,3
020022133,2,2,3
020022210,2,2,3
020022210,2,2,3
020022211,2,2,3
020022211,2,2,3
020022212,2,2,3
020022212,2,2,3
020022213,2,2,3
020022213,2,2,3
020022233,2,2,3
020022233,2,2,3
020022333,2,2,3
020100110,1,4,5
020100111,1,4,5
020100111,1,4,5
020100112,1,4,5
020100113,1,4,5
020100222,2,4,5
020102202,2,4,7
020102220,2,4,8
020110010,1,5,6
020110011,1,5,6
020110011,1,5,6
020110012,1,5,6
020110013,1,5,6
020110120,1,2,5
020110121,1,2,5
020110122,1,2,5
020110123,1,2,5
020110133,1,2,5
020111020,1,2,6
020111021,1,2,6
020111022,1,2,6
020111023,1,2,6
020111033,1,2,6
020120022,2,5,6
020122002,2,6,7
020122020,2,6,8
020122200,2,7,8
020200111,1,4,5
020200220,2,4,5
020200221,2,4,5
020200222,2,4,5
020200222,2,4,5
020200223,2,4,5
020201101,1,4,7
020201110,1,4,8
020210011,1,5,6
020211001,1,6,7
020211010,1,6,8
020211100,1,7,8
021000111,1,4,5
021000222,2,4,5
021001100,1,3,4
021001101,1,3,4
021001101,1,4,7
021001102,1,3,4
021001103,1,3,4
021001110,1,3,4
021001110,1,3,4
021001110,1,4,8
021001112,1,3,4
021001112,1,3,4
021001113,1,3,4
021001113,1,3,4
021001120,1,3,4
021001121,1,3,4
021001122,1,3,4
021001123,1,3,4
021001133,1,3,4
021002202,2,4,7
021002221,2,3,4
021002223,2,3,4
021010011,1,5,6
021011001,1,6,7
021011012,1,3,6
021011013,1,3,6
021020022,2,5,6
021022002,2,6,7
021022021,2,3,6
021022023,2,3,6
021022201,2,3,7
021022203,2,3,7
021100100,1,4,5
021100101,1,4,5
021100102,1,4,5
021100103,1,4,5
021100110,1,4,5
021100110,1,4,5
021100111,1,4,5
021100111,1,4,5
021100111,1,4,5
021100112,1,4,5
021100112,1,4,5
021100113,1,4,5
021100113,1,4,5
021100120,1,4,5
021100121,1,4,5
021100122,1,4,5
021100123,1,4,5
021100133,1,4,5
021100222,2,4,5
021101000,1,4,6
021101001,1,4,6
021101002,1,4,6
021101003,1,4,6
021101010,1,4,6
021101011,1,4,6
021101012,1,4,6
021101013,1,4,6
021101020,1,4,6
021101021,1,4,6
021101022,1,4,6
021101023,1,4,6
021101033,1,4,6
021102202,2,4,7
021102220,2,4,8
021110000,1,5,6
021110001,1,5,6
021110002,1,5,6
021110003,1,5,6
021110010,1,5,6
021110010,1,5,6
021110011,1,5,6
021110011,1,5,6
021110011,1,5,6
021110012,1,5,6
021110012,1,5,6
021110013,1,5,6
021110013,1,5,6
021110020,1,5,6
021110021,1,5,6
021110022,1,5,6
021110023,1,5,6
021110033,1,5,6
021120022,2,5,6
021122002,2,6,7
021122020,2,6,8
021122200,2,7,8
021200111,1,4,5
021200220,2,4,5
021200221,2,4,5
021200222,2,4,5
021200222,2,4,5
021200223,2,4,5
021201101,1,4,7
021201110,1,4,8
021202202,2,4,7
021210011,1,5,6
021211001,1,6,7
021211010,1,6,8
021211100,1,7,8
021220020,2,5,6
021220021,2,5,6
021220022,2,5,6
021220022,2,5,6
021220023,2,5,6
021220200,2,5,7
021220201,2,5,7
021220202,2,5,7
021220203,2,5,7
021222000,2,6,7
021222001,2,6,7
021222002,2,6,7
021222002,2,6,7
021222003,2,6,7
022000111,1,4,5
022000222,2,4,5
022001101,1,4,7
022001112,1,3,4
022001113,1,3,4
022002000,2,3,4
022002001,2,3,4
022002002,2,3,4
022002003,2,3,4
022002010,2,3,4
022002011,2,3,4
022002012,2,3,4
022002013,2,3,4
022002020,2,3,4
022002021,2,3,4
022002022,2,3,4
022002023,2,3,4
022002033,2,3,4
022002100,2,3,4
022002101,2,3,4
022002102,2,3,4
022002103,2,3,4
022002110,2,3,4
022002111,2,3,4
022002112,2,3,4
022002113,2,3,4
022002120,2,3,4
022002121,2,3,4
022002122,2,3,4
022002123,2,3,4
022002133,2,3,4
022002200,2,3,4
022002200,2,3,4
022002201,2,3,4
022002201,2,3,4
022002202,2,3,4
022002202,2,3,4
022002202,2,4,7
022002203,2,3,4
022002203,2,3,4
022002210,2,3,4
022002210,2,3,4
022002211,2,3,4
022002211,2,3,4
022002212,2,3,4
022002212,2,3,4
022002213,2,3,4
022002213,2,3,4
022002220,2,3,4
022002220,2,3,4
022002220,2,3,4
022002220,2,4,8
022002221,2,3,4
022002221,2,3,4
022002221,2,3,4
022002223,2,3,4
022002223,2,3,4
022002223,2,3,4
022002233,2,3,4
022002233,2,3,4
022002333,2,3,4
022010011,1,5,6
022011001,1,6,7
022011012,1,3,6
022011013,1,3,6
022011102,1,3,7
022011103,1,3,7
022021000,2,0,3
022021001,2,0,3
022021002,2,0,3
022021003,2,0,3
022021010,2,0,3
022021011,2,0,3
022021012,2,0,3
022021013,2,0,3
022021020,2,0,3
022021021,2,0,3
022021022,2,0,3
022021023,2,0,3
022021033,2,0,3
022021100,2,0,3
022021101,2,0,3
022021102,2,0,3
022021103,2,0,3
022021110,2,0,3
022021111,2,0,3
022021112,2,0,3
022021113,2,0,3
022021120,2,0,3
022021121,2,0,3
022021122,2,0,3
022021123,2,0,3
022021133,2,0,3
022021200,2,0,3
022021201,2,0,3
022021202,2,0,3
022021203,2,0,3
022021210,2,0,3
022021211,2,0,3
022021212,2,0,3
022021213,2,0,3
022021220,2,0,3
022021221,2,0,3
022021222,2,0,3
022021223,2,0,3
022021233,2,0,3
022021333,2,0,3
022023333,2,0,3
022100110,1,4,5
022100111,1,4,5
022100111,1,4,5
022100112,1,4,5
022100113,1,4,5
022100222,2,4,5
022101101,1,4,7
022102202,2,4,7
022102220,2,4,8
022110010,1,5,6
022110011,1,5,6
022110011,1,5,6
022110012,1,5,6
022110013,1,5,6
022110100,1,5,7
022110101,1,5,7
022110102,1,5,7
022110103,1,5,7
022111000,1,6,7
022111001,1,6,7
022111001,1,6,7
022111002,1,6,7
022111003,1,6,7
022120022,2,5,6
022122002,2,6,7
022122020,2,6,8
022122200,2,7,8
022200000,2,4,5
022200000,2,0,4
022200001,2,4,5
022200001,2,0,4
022200002,2,4,5
022200002,2,0,4
022200003,2,4,5
022200003,2,0,4
022200010,2,4,5
022200010,2,0,4
022200011,2,4,5
022200011,2,0,4
022200012,2,4,5
022200012,2,0,4
022200013,2,4,5
022200013,2,0,4
022200020,2,4,5
022200020,2,0,4
022200021,2,4,5
022200021,2,0,4
022200022,2,4,5
022200022,2,0,4
022200023,2,4,5
022200023,2,0,4
022200033,2,4,5
022200033,2,0,4
022200200,2,4,5
022200200,2,4,5
022200200,2,0,4
022200201,2,4,5
022200201,2,4,5
022200201,2,0,4
022200202,2,4,5
022200202,2,4,5
022200202,2,0,4
022200203,2,4,5
022200203,2,4,5
022200203,2,0,4
022200210,2,4,5
022200210,2,4,5
022200210,2,0,4
022200211,2,4,5
022200211,2,4,5
022200211,2,0,4
022200212,2,4,5
022200212,2,4,5
022200212,2,0,4
022200213,2,4,5
022200213,2,4,5
022200213,2,0,4
022200220,2,4,5
022200220,2,4,5
022200220,2,4,5
022200220,2,0,4
022200221,2,4,5
022200221,2,4,5
022200221,2,4,5
022200221,2,0,4
022200222,2,4,5
022200222,2,4,5
022200222,2,4,5
022200222,2,4,5
022200222,2,0,4
022200223,2,4,5
022200223,2,4,5
022200223,2,4,5
022200223,2,0,4
022200233,2,4,5
022200233,2,4,5
022200233,2,0,4
022201000,2,0,4
022201001,2,0,4
022201002,2,0,4
022201003,2,0,4
022201010,2,0,4
022201011,2,0,4
022201012,2,0,4
022201013,2,0,4
022201020,2,0,4
022201021,2,0,4
022201022,2,0,4
022201023,2,0,4
022201033,2,0,4
022201100,2,0,4
022201101,1,4,7
022201101,2,0,4
022201102,2,0,4
022201103,2,0,4
022201110,1,4,8
022201110,2,0,4
022201112,2,0,4
022201113,2,0,4
022201120,2,0,4
022201121,2,0,4
022201122,2,0,4
022201123,2,0,4
022201133,2,0,4
022201200,2,0,4
022201201,2,0,4
022201202,2,0,4
022201203,2,0,4
022201210,2,0,4
022201211,2,0,4
022201212,2,0,4
022201213,2,0,4
022201220,2,0,4
022201221,2,0,4
022201222,2,0,4
022201223,2,0,4
022201233,2,0,4
022201333,2,0,4
022203333,2,0,4
022210011,1,5,6
022211001,1,6,7
022211010,1,6,8
022211100,1,7,8
100000111,1,4,5
100000222,2,4,5
100001101,1,4,7
100001110,1,3,4
100001110,1,4,8
100001112,1,3,4
100001113,1,3,4
100002202,2,4,7
100002220,2,3,4
100002220,2,4,8
100002221,2,3,4
100002223,2,3,4
100010011,1,5,6
100011001,1,6,7
100011012,1,3,6
100011013,1,3,6
100011120,1,2,3
100011121,1,2,3
100011122,1,2,3
100011123,1,2,3
100011133,1,2,3
100020022,2,5,6
100022002,2,6,7
100022021,2,3,6
100022023,2,3,6
100022210,2,2,3
100022211,2,2,3
100022212,2,2,3
100022213,2,2,3
100022233,2,2,3
100100110,1,4,5
100100111,1,4,5
100100111,1,4,5
100100112,1,4,5
100100113,1,4,5
100100222,2,4,5
100102202,2,4,7
100102220,2,4,8
100110000,1,1,2
100110001,1,1,2
100110002,1,1,2
100110003,1,1,2
100110010,1,1,2
100110010,1,5,6
100110011,1,1,2
100110011,1,5,6
100110012,1,1,2
100110012,1,5,6
100110013,1,1,2
100110013,1,5,6
100110020,1,1,2
100110021,1,1,2
100110022,1,1,2
100110023,1,1,2
100110033,1,1,2
100110120,1,1,2
100110120,1,2,5
100110121,1,1,2
100110121,1,2,5
100110122,1,1,2
100110122,1,2,5
100110123,1,1,2
100110123,1,2,5
100110133,1,1,2
100110133,1,2,5
100110200,1,1,2
100110201,1,1,2
100110202,1,1,2
100110203,1,1,2
100110210,1,1,2
100110211,1,1,2
100110212,1,1,2
100110213,1,1,2
100110220,1,1,2
100110221,1,1,2
100110222,1,1,2
100110223,1,1,2
100110233,1,1,2
100110333,1,1,2
100111200,1,1,2
100111200,1,1,2
100111201,1,1,2
100111201,1,1,2
100111202,1,1,2
100111202,1,1,2
100111203,1,1,2
100111203,1,1,2
100111210,1,1,2
100111210,1,1,2
100111211,1,1,2
100111211,1,1,2
100111212,1,1,2
100111212,1,1,2
100111213,1,1,2
100111213,1,1,2
100111220,1,1,2
100111220,1,1,2
100111221,1,1,2
100111221,1,1,2
100111222,1,1,2
100111222,1,1,2
100111223,1,1,2
100111223,1,1,2
100111233,1,1,2
100111233,1,1,2
100111333,1,1,2
100111333,1,1,2
100112000,1,1,2
100112001,1,1,2
100112002,1,1,2
100112003,1,1,2
100112010,1,1,2
100112011,1,1,2
100112012,1,1,2
100112013,1,1,2
100112020,1,1,2
100112021,1,1,2
100112022,1,1,2
100112023,1,1,2
100112033,1,1,2
100112100,1,1,2
100112101,1,1,2
100112102,1,1,2
100112103,1,1,2
100112110,1,1,2
100112111,1,1,2
100112112,1,1,2
100112113,1,1,2
100112120,1,1,2
100112121,1,1,2
100112122,1,1,2
100112123,1,1,2
100112133,1,1,2
100112200,1,1,2
100112201,1,1,2
100112202,1,1,2
100112203,1,1,2
100112210,1,1,2
100112211,1,1,2
100112212,1,1,2
100112213,1,1,2
100112220,1,1,2
100112221,1,1,2
100112222,1,1,2
100112223,1,1,2
100112233,1,1,2
100112333,1,1,2
100113333,1,1,2
100120022,2,5,6
100122002,2,6,7
100122020,2,6,8
100122200,2,7,8
100200111,1,4,5
100200220,2,4,5
100200221,2,4,5
100200222,2,4,5
100200222,2,4,5
100200223,2,4,5
100201101,1,4,7
100201110,1,4,8
100210011,1,5,6
100211001,1,6,7
100211010,1,6,8
100211100,1,7,8
100220020,2,5,6
100220021,2,5,6
100220022,2,5,6
100220022,2,5,6
100220023,2,5,6
100220210,2,2,5
100220211,2,2,5
100220212,2,2,5
100220213,2,2,5
100220233,2,2,5
100222100,2,1,2
100222101,2,1,2
100222102,2,1,2
100222103,2,1,2
100222110,2,1,2
100222111,2,1,2
100222112,2,1,2
100222113,2,1,2
100222120,2,1,2
100222121,2,1,2
100222122,2,1,2
100222123,2,1,2
100222133,2,1,2
100222333,2,1,2
101000111,1,4,5
101000222,2,4,5
101001100,1,3,4
101001101,1,3,4
101001101,1,4,7
101001102,1,3,4
101001103,1,3,4
101001110,1,3,4
101001110,1,3,4
101001110,1,4,8
101001112,1,3,4
101001112,1,3,4
101001113,1,3,4
101001113,1,3,4
101001120,1,3,4
101001121,1,3,4
101001122,1,3,4
101001123,1,3,4
101001133,1,3,4
101002202,2,4,7
101002221,2,3,4
101002223,2,3,4
101010011,1,5,6
101020022,2,5,6
101022002,2,6,7
101022021,2,3,6
101022023,2,3,6
101022201,2,3,7
101022203,2,3,7
101100100,1,4,5
101100101,1,4,5
101100102,1,4,5
101100103,1,4,5
101100110,1,4,5
101100110,1,4,5
101100111,1,4,5
101100111,1,4,5
101100111,1,4,5
101100112,1,4,5
101100112,1,4,5
101100113,1,4,5
101100113,1,4,5
101100120,1,4,5
101100121,1,4,5
101100122,1,4,5
101100123,1,4,5
101100133,1,4,5
101100222,2,4,5
101101200,1,1,4
101101201,1,1,4
101101202,1,1,4
101101203,1,1,4
101101210,1,1,4
101101211,1,1,4
101101212,1,1,4
101101213,1,1,4
101101220,1,1,4
101101221,1,1,4
101101222,1,1,4
101101223,1,1,4
101101233,1,1,4
101101333,1,1,4
101102202,2,4,7
101102220,2,4,8
101120022,2,5,6
101122002,2,6,7
101122020,2,6,8
101122200,2,7,8
101200111,1,4,5
101200220,2,4,5
101200221,2,4,5
101200222,2,4,5
101200222,2,4,5
101200223,2,4,5
101201101,1,4,7
101201110,1,4,8
101202202,2,4,7
101210011,1,5,6
101211001,1,6,7
101211010,1,6,8
101211100,1,7,8
101220020,2,5,6
101220021,2,5,6
101220022,2,5,6
101220022,2,5,6
101220023,2,5,6
101220200,2,5,7
101220201,2,5,7
101220202,2,5,7
101220203,2,5,7
101222000,2,6,7
101222001,2,6,7
101222002,2,6,7
101222002,2,6,7
101222003,2,6,7
102000111,1,4,5
102000222,2,4,5
102001101,1,4,7
102001112,1,3,4
102001113,1,3,4
102002200,2,3,4
102002201,2,3,4
102002202,2,3,4
102002202,2,4,7
102002203,2,3,4
102002210,2,3,4
102002211,2,3,4
102002212,2,3,4
102002213,2,3,4
102002220,2,3,4
102002220,2,3,4
102002220,2,4,8
102002221,2,3,4
102002221,2,3,4
102002223,2,3,4
102002223,2,3,4
102002233,2,3,4
102010011,1,5,6
102011001,1,6,7
102011012,1,3,6
102011013,1,3,6
102011102,1,3,7
102011103,1,3,7
102020022,2,5,6
102100110,1,4,5
102100111,1,4,5
102100111,1,4,5
102100112,1,4,5
102100113,1,4,5
102100222,2,4,5
102101101,1,4,7
102102202,2,4,7
102102220,2,4,8
102110010,1,5,6
102110011,1,5,6
102110011,1,5,6
102110012,1,5,6
102110013,1,5,6
102110100,1,5,7
102110101,1,5,7
102110102,1,5,7
102110103,1,5,7
102111000,1,6,7
102111001,1,6,7
102111001,1,6,7
102111002,1,6,7
102111003,1,6,7
102120022,2,5,6
102122002,2,6,7
102122020,2,6,8
102122200,2,7,8
102200111,1,4,5
102200200,2,4,5
102200201,2,4,5
102200202,2,4,5
102200203,2,4,5
102200210,2,4,5
102200211,2,4,5
102200212,2,4,5
102200213,2,4,5
102200220,2,4,5
102200220,2,4,5
102200221,2,4,5
102200221,2,4,5
102200222,2,4,5
102200222,2,4,5
102200222,2,4,5
102200223,2,4,5
102200223,2,4,5
102200233,2,4,5
102201101,1,4,7
102201110,1,4,8
102202100,2,1,4
102202101,2,1,4
102202102,2,1,4
102202103,2,1,4
102202110,2,1,4
102202111,2,1,4
102202112,2,1,4
102202113,2,1,4
102202120,2,1,4
102202121,2,1,4
102202122,2,1,4
102202123,2,1,4
102202133,2,1,4
102202333,2,1,4
102210011,1,5,6
102211001,1,6,7
102211010,1,6,8
102211100,1,7,8
102220100,2,1,5
102220101,2,1,5
102220102,2,1,5
102220103,2,1,5
102220110,2,1,5
102220111,2,1,5
102220112,2,1,5
102220113,2,1,5
102220120,2,1,5
102220121,2,1,5
102220122,2,1,5
102220123,2,1,5
102220133,2,1,5
102220333,2,1,5
110000111,1,4,5
110000222,2,4,5
110001101,1,4,7
110001110,1,3,4
110001110,1,4,8
110001112,1,3,4
110001113,1,3,4
110002202,2,4,7
110002220,2,3,4
110002220,2,4,8
110002221,2,3,4
110002223,2,3,4
110010000,1,2,3
110010001,1,2,3
110010002,1,2,3
110010003,1,2,3
110010010,1,2,3
110010011,1,5,6
110010011,1,2,3
110010012,1,2,3
110010013,1,2,3
110010020,1,2,3
110010021,1,2,3
110010022,1,2,3
110010023,1,2,3
110010033,1,2,3
110010100,1,2,3
110010101,1,2,3
110010102,1,2,3
110010103,1,2,3
110010112,1,2,3
110010113,1,2,3
110010120,1,2,3
110010121,1,2,3
110010122,1,2,3
110010123,1,2,3
110010133,1,2,3
110010200,1,2,3
110010201,1,2,3
110010202,1,2,3
110010203,1,2,3
110010210,1,2,3
110010211,1,2,3
110010212,1,2,3
110010213,1,2,3
110010220,1,2,3
110010221,1,2,3
110010222,1,2,3
110010223,1,2,3
110010233,1,2,3
110010333,1,2,3
110011000,1,2,3
110011000,1,2,3
110011001,1,2,3
110011001,1,2,3
110011002,1,2,3
110011002,1,2,3
110011003,1,2,3
110011003,1,2,3
110011012,1,2,3
110011012,1,2,3
110011012,1,3,6
110011013,1,2,3
110011013,1,2,3
110011013,1,3,6
110011020,1,2,3
110011020,1,2,3
110011021,1,2,3
110011021,1,2,3
110011022,1,2,3
110011022,1,2,3
110011023,1,2,3
110011023,1,2,3
110011033,1,2,3
110011033,1,2,3
110011120,1,2,3
110011120,1,2,3
110011120,1,2,3
110011121,1,2,3
110011121,1,2,3
110011121,1,2,3
110011122,1,2,3
110011122,1,2,3
110011122,1,2,3
110011123,1,2,3
110011123,1,2,3
110011123,1,2,3
110011133,1,2,3
110011133,1,2,3
110011133,1,2,3
110011200,1,2,3
110011200,1,2,3
110011201,1,2,3
110011201,1,2,3
110011202,1,2,3
110011202,1,2,3
110011203,1,2,3
110011203,1,2,3
110011210,1,2,3
110011210,1,2,3
110011211,1,2,3
110011211,1,2,3
110011212,1,2,3
110011212,1,2,3
110011213,1,2,3
110011213,1,2,3
110011220,1,2,3
110011220,1,2,3
110011221,1,2,3
110011221,1,2,3
110011222,1,2,3
110011222,1,2,3
110011223,1,2,3
110011223,1,2,3
110011233,1,2,3
110011233,1,2,3
110011333,1,2,3
110011333,1,2,3
110012000,1,2,3
110012001,1,2,3
110012002,1,2,3
110012003,1,2,3
110012010,1,2,3
110012011,1,2,3
110012012,1,2,3
110012013,1,2,3
110012020,1,2,3
110012021,1,2,3
110012022,1,2,3
110012023,1,2,3
110012033,1,2,3
110012100,1,2,3
110012101,1,2,3
110012102,1,2,3
110012103,1,2,3
110012110,1,2,3
110012111,1,2,3
110012112,1,2,3
110012113,1,2,3
110012120,1,2,3
110012121,1,2,3
110012122,1,2,3
110012123,1,2,3
110012133,1,2,3
110012200,1,2,3
110012201,1,2,3
110012202,1,2,3
110012203,1,2,3
110012210,1,2,3
110012211,1,2,3
110012212,1,2,3
110012213,1,2,3
110012220,1,2,3
110012221,1,2,3
110012222,1,2,3
110012223,1,2,3
110012233,1,2,3
110012333,1,2,3
110013333,1,2,3
110020022,2,5,6
110022002,2,6,7
110022021,2,3,6
110022023,2,3,6
110022210,2,2,3
110022211,2,2,3
110022212,2,2,3
110022213,2,2,3
110022233,2,2,3
110100000,1,2,4
110100001,1,2,4
110100002,1,2,4
110100003,1,2,4
110100010,1,2,4
110100011,1,2,4
110100012,1,2,4
110100013,1,2,4
110100020,1,2,4
110100021,1,2,4
110100022,1,2,4
110100023,1,2,4
110100033,1,2,4
110100100,1,2,4
110100101,1,2,4
110100102,1,2,4
110100103,1,2,4
110100110,1,4,5
110100110,1,2,4
110100111,1,4,5
110100111,1,4,5
110100111,1,2,4
110100112,1,4,5
110100112,1,2,4
110100113,1,4,5
110100113,1,2,4
110100120,1,2,4
110100121,1,2,4
110100122,1,2,4
110100123,1,2,4
110100133,1,2,4
110100200,1,2,4
110100201,1,2,4
110100202,1,2,4
110100203,1,2,4
110100210,1,2,4
110100211,1,2,4
110100212,1,2,4
110100213,1,2,4
110100220,1,2,4
110100221,1,2,4
110100222,1,2,4
110100222,2,4,5
110100223,1,2,4
110100233,1,2,4
110100333,1,2,4
110101000,1,2,4
110101001,1,2,4
110101002,1,2,4
110101003,1,2,4
110101010,1,2,4
110101011,1,2,4
110101012,1,2,4
110101013,1,2,4
110101020,1,2,4
110101021,1,2,4
110101022,1,2,4
110101023,1,2,4
110101033,1,2,4
110101120,1,2,4
110101121,1,2,4
110101122,1,2,4
110101123,1,2,4
110101133,1,2,4
110101200,1,2,4
110101201,1,2,4
110101202,1,2,4
110101203,1,2,4
110101210,1,2,4
110101211,1,2,4
110101212,1,2,4
110101213,1,2,4
110101220,1,2,4
110101221,1,2,4
110101222,1,2,4
110101223,1,2,4
110101233,1,2,4
110101333,1,2,4
110102000,1,2,4
110102001,1,2,4
110102002,1,2,4
110102003,1,2,4
110102010,1,2,4
110102011,1,2,4
110102012,1,2,4
110102013,1,2,4
110102020,1,2,4
110102021,1,2,4
110102022,1,2,4
110102023,1,2,4
110102033,1,2,4
110102100,1,2,4
110102101,1,2,4
110102102,1,2,4
110102103,1,2,4
110102110,1,2,4
110102111,1,2,4
110102112,1,2,4
110102113,1,2,4
110102120,1,2,4
110102121,1,2,4
110102122,1,2,4
110102123,1,2,4
110102133,1,2,4
110102200,1,2,4
110102201,1,2,4
110102202,1,2,4
110102202,2,4,7
110102203,1,2,4
110102210,1,2,4
110102211,1,2,4
110102212,1,2,4
110102213,1,2,4
110102220,1,2,4
110102220,2,4,8
110102221,1,2,4
110102223,1,2,4
110102233,1,2,4
110102333,1,2,4
110103333,1,2,4
110120022,2,5,6
110122002,2,6,7
110122020,2,6,8
110122200,2,7,8
110200111,1,4,5
110200220,2,4,5
110200221,2,4,5
110200222,2,4,5
110200222,2,4,5
110200223,2,4,5
110201101,1,4,7
110201110,1,4,8
110210011,1,5,6
110211001,1,6,7
110211010,1,6,8
110211100,1,7,8
110220020,2,5,6
110220021,2,5,6
110220022,2,5,6
110220022,2,5,6
110220023,2,5,6
110220210,2,2,5
110220211,2,2,5
110220212,2,2,5
110220213,2,2,5
110220233,2,2,5
110222010,2,2,6
110222011,2,2,6
110222012,2,2,6
110222013,2,2,6
110222033,2,2,6
111000000,1,3,4
111000001,1,3,4
111000002,1,3,4
111000003,1,3,4
111000010,1,3,4
111000011,1,3,4
111000012,1,3,4
111000013,1,3,4
111000020,1,3,4
111000021,1,3,4
111000022,1,3,4
111000023,1,3,4
111000033,1,3,4
111000100,1,3,4
111000101,1,3,4
111000102,1,3,4
111000103,1,3,4
111000110,1,3,4
111000111,1,3,4
111000111,1,4,5
111000112,1,3,4
111000113,1,3,4
111000120,1,3,4
111000121,1,3,4
111000122,1,3,4
111000123,1,3,4
111000133,1,3,4
111000200,1,3,4
111000201,1,3,4
111000202,1,3,4
111000203,1,3,4
111000210,1,3,4
111000211,1,3,4
111000212,1,3,4
111000213,1,3,4
111000220,1,3,4
111000221,1,3,4
111000222,1,3,4
111000222,2,4,5
111000223,1,3,4
111000233,1,3,4
111000333,1,3,4
111001000,1,3,4
111001000,1,3,4
111001001,1,3,4
111001001,1,3,4
111001002,1,3,4
111001002,1,3,4
111001003,1,3,4
111001003,1,3,4
111001010,1,3,4
111001010,1,3,4
111001011,1,3,4
111001011,1,3,4
111001012,1,3,4
111001012,1,3,4
111001013,1,3,4
111001013,1,3,4
111001020,1,3,4
111001020,1,3,4
111001021,1,3,4
111001021,1,3,4
111001022,1,3,4
111001022,1,3,4
111001023,1,3,4
111001023,1,3,4
111001033,1,3,4
111001033,1,3,4
111001100,1,3,4
111001100,1,3,4
111001100,1,3,4
111001101,1,3,4
111001101,1,3,4
111001101,1,3,4
111001101,1,4,7
111001102,1,3,4
111001102,1,3,4
111001102,1,3,4
111001103,1,3,4
111001103,1,3,4
111001103,1,3,4
111001110,1,3,4
111001110,1,3,4
111001110,1,3,4
111001110,1,3,4
111001110,1,4,8
111001112,1,3,4
111001112,1,3,4
111001112,1,3,4
111001112,1,3,4
111001113,1,3,4
111001113,1,3,4
111001113,1,3,4
111001113,1,3,4
111001120,1,3,4
111001120,1,3,4
111001120,1,3,4
111001121,1,3,4
111001121,1,3,4
111001121,1,3,4
111001122,1,3,4
111001122,1,3,4
111001122,1,3,4
111001123,1,3,4
111001123,1,3,4
111001123,1,3,4
111001133,1,3,4
111001133,1,3,4
111001133,1,3,4
111001200,1,3,4
111001200,1,3,4
111001201,1,3,4
111001201,1,3,4
111001202,1,3,4
111001202,1,3,4
111001203,1,3,4
111001203,1,3,4
111001210,1,3,4
111001210,1,3,4
111001211,1,3,4
111001211,1,3,4
111001212,1,3,4
111001212,1,3,4
111001213,1,3,4
111001213,1,3,4
111001220,1,3,4
111001220,1,3,4
111001221,1,3,4
111001221,1,3,4
111001222,1,3,4
111001222,1,3,4
111001223,1,3,4
111001223,1,3,4
111001233,1,3,4
111001233,1,3,4
111001333,1,3,4
111001333,1,3,4
111002000,1,3,4
111002001,1,3,4
111002002,1,3,4
111002003,1,3,4
111002010,1,3,4
111002011,1,3,4
111002012,1,3,4
111002013,1,3,4
111002020,1,3,4
111002021,1,3,4
111002022,1,3,4
111002023,1,3,4
111002033,1,3,4
111002100,1,3,4
111002101,1,3,4
111002102,1,3,4
111002103,1,3,4
111002110,1,3,4
111002111,1,3,4
111002112,1,3,4
111002113,1,3,4
111002120,1,3,4
111002121,1,3,4
111002122,1,3,4
111002123,1,3,4
111002133,1,3,4
111002200,1,3,4
111002201,1,3,4
111002202,1,3,4
111002202,2,4,7
111002203,1,3,4
111002210,1,3,4
111002211,1,3,4
111002212,1,3,4
111002213,1,3,4
111002221,1,3,4
111002221,2,3,4
111002223,1,3,4
111002223,2,3,4
111002233,1,3,4
111002333,1,3,4
111003333,1,3,4
111020022,2,5,6
111022002,2,6,7
111022021,2,3,6
111022023,2,3,6
111022201,2,3,7
111022203,2,3,7
111120022,2,5,6
111122002,2,6,7
111122020,2,6,8
111122200,2,7,8
111200111,1,4,5
111200220,2,4,5
111200221,2,4,5
111200222,2,4,5
111200222,2,4,5
111200223,2,4,5
111201101,1,4,7
111201110,1,4,8
111202202,2,4,7
111210011,1,5,6
111211001,1,6,7
111211010,1,6,8
111211100,1,7,8
111220020,2,5,6
111220021,2,5,6
111220022,2,5,6
111220022,2,5,6
111220023,2,5,6
111220200,2,5,7
111220201,2,5,7
111220202,2,5,7
111220203,2,5,7
111222000,2,6,7
111222001,2,6,7
111222002,2,6,7
111222002,2,6,7
111222003,2,6,7
112000111,1,4,5
112000222,2,4,5
112001101,1,4,7
112001112,1,3,4
112001113,1,3,4
112002200,2,3,4
112002201,2,3,4
112002202,2,3,4
112002202,2,4,7
112002203,2,3,4
112002210,2,3,4
112002211,2,3,4
112002212,2,3,4
112002213,2,3,4
112002220,2,3,4
112002220,2,3,4
112002220,2,4,8
112002221,2,3,4
112002221,2,3,4
112002223,2,3,4
112002223,2,3,4
112002233,2,3,4
112010011,1,5,6
112011001,1,6,7
112011012,1,3,6
112011013,1,3,6
112011102,1,3,7
112011103,1,3,7
112020022,2,5,6
112022002,2,6,7
112022021,2,3,6
112022023,2,3,6
112100110,1,4,5
112100111,1,4,5
112100111,1,4,5
112100112,1,4,5
112100113,1,4,5
112100222,2,4,5
112101101,1,4,7
112102202,2,4,7
112102220,2,4,8
112110010,1,5,6
112110011,1,5,6
112110011,1,5,6
112110012,1,5,6
112110013,1,5,6
112110100,1,5,7
112110101,1,5,7
112110102,1,5,7
112110103,1,5,7
112111000,1,6,7
112111001,1,6,7
112111001,1,6,7
112111002,1,6,7
112111003,1,6,7
112120022,2,5,6
112122002,2,6,7
112122020,2,6,8
112122200,2,7,8
112200111,1,4,5
112200200,2,4,5
112200201,2,4,5
112200202,2,4,5
112200203,2,4,5
112200210,2,4,5
112200211,2,4,5
112200212,2,4,5
112200213,2,4,5
112200220,2,4,5
112200220,2,4,5
112200221,2,4,5
112200221,2,4,5
112200222,2,4,5
112200222,2,4,5
112200222,2,4,5
112200223,2,4,5
112200223,2,4,5
112200233,2,4,5
112201101,1,4,7
112201110,1,4,8
112202000,2,4,6
112202001,2,4,6
112202002,2,4,6
112202003,2,4,6
112202010,2,4,6
112202011,2,4,6
112202012,2,4,6
112202013,2,4,6
112202020,2,4,6
112202021,2,4,6
112202022,2,4,6
112202023,2,4,6
112202033,2,4,6
112210011,1,5,6
112211001,1,6,7
112211010,1,6,8
112211100,1,7,8
112220000,2,5,6
112220001,2,5,6
112220002,2,5,6
112220003,2,5,6
112220010,2,5,6
112220011,2,5,6
112220012,2,5,6
112220013,2,5,6
112220020,2,5,6
112220020,2,5,6
112220021,2,5,6
112220021,2,5,6
112220022,2,5,6
112220022,2,5,6
112220022,2,5,6
112220023,2,5,6
112220023,2,5,6
112220033,2,5,6
120000111,1,4,5
120000222,2,4,5
120001101,1,4,7
120001110,1,3,4
120001110,1,4,8
120001112,1,3,4
120001113,1,3,4
120002202,2,4,7
120002220,2,3,4
120002220,2,4,8
120002221,2,3,4
120002223,2,3,4
120010011,1,5,6
120011001,1,6,7
120011012,1,3,6
120011013,1,3,6
120011120,1,2,3
120011121,1,2,3
120011122,1,2,3
120011123,1,2,3
120011133,1,2,3
120020022,2,5,6
120022000,2,2,3
120022001,2,2,3
120022002,2,2,3
120022002,2,6,7
120022003,2,2,3
120022010,2,2,3
120022011,2,2,3
120022012,2,2,3
120022013,2,2,3
120022021,2,2,3
120022021,2,3,6
120022023,2,2,3
120022023,2,3,6
120022033,2,2,3
120022100,2,2,3
120022101,2,2,3
120022102,2,2,3
120022103,2,2,3
120022110,2,2,3
120022111,2,2,3
120022112,2,2,3
120022113,2,2,3
120022120,2,2,3
120022121,2,2,3
120022122,2,2,3
120022123,2,2,3
120022133,2,2,3
120022210,2,2,3
120022210,2,2,3
120022211,2,2,3
120022211,2,2,3
120022212,2,2,3
120022212,2,2,3
120022213,2,2,3
120022213,2,2,3
120022233,2,2,3
120022233,2,2,3
120022333,2,2,3
120100110,1,4,5
120100111,1,4,5
120100111,1,4,5
120100112,1,4,5
120100113,1,4,5
120100222,2,4,5
120102202,2,4,7
120102220,2,4,8
120110010,1,5,6
120110011,1,5,6
120110011,1,5,6
120110012,1,5,6
120110013,1,5,6
120110120,1,2,5
120110121,1,2,5
120110122,1,2,5
120110123,1,2,5
120110133,1,2,5
120111020,1,2,6
120111021,1,2,6
120111022,1,2,6
120111023,1,2,6
120111033,1,2,6
120120022,2,5,6
120122002,2,6,7
120122020,2,6,8
120122200,2,7,8
120200111,1,4,5
120200220,2,4,5
120200221,2,4,5
120200222,2,4,5
120200222,2,4,5
120200223,2,4,5
120201101,1,4,7
120201110,1,4,8
120210011,1,5,6
120211001,1,6,7
120211010,1,6,8
120211100,1,7,8
120220020,2,5,6
120220021,2,5,6
120220022,2,5,6
120220022,2,5,6
120220023,2,5,6
120220210,2,2,5
120220211,2,2,5
120220212,2,2,5
120220213,2,2,5
120220233,2,2,5
121000111,1,4,5
121000222,2,4,5
121001100,1,3,4
121001101,1,3,4
121001101,1,4,7
121001102,1,3,4
121001103,1,3,4
121001110,1,3,4
121001110,1,3,4
121001110,1,4,8
121001112,1,3,4
121001112,1,3,4
121001113,1,3,4
121001113,1,3,4
121001120,1,3,4
121001121,1,3,4
121001122,1,3,4
121001123,1,3,4
121001133,1,3,4
121002202,2,4,7
121002221,2,3,4
121002223,2,3,4
121010011,1,5,6
121011001,1,6,7
121011012,1,3,6
121011013,1,3,6
121020022,2,5,6
121022002,2,6,7
121022021,2,3,6
121022023,2,3,6
121022201,2,3,7
121022203,2,3,7
121100100,1,4,5
121100101,1,4,5
121100102,1,4,5
121100103,1,4,5
121100110,1,4,5
121100110,1,4,5
121100111,1,4,5
121100111,1,4,5
121100111,1,4,5
121100112,1,4,5
121100112,1,4,5
121100113,1,4,5
121100113,1,4,5
121100120,1,4,5
121100121,1,4,5
121100122,1,4,5
121100123,1,4,5
121100133,1,4,5
121100222,2,4,5
121101000,1,4,6
121101001,1,4,6
121101002,1,4,6
121101003,1,4,6
121101010,1,4,6
121101011,1,4,6
121101012,1,4,6
121101013,1,4,6
121101020,1,4,6
121101021,1,4,6
121101022,1,4,6
121101023,1,4,6
121101033,1,4,6
121102202,2,4,7
121102220,2,4,8
121110000,1,5,6
121110001,1,5,6
121110002,1,5,6
121110003,1,5,6
121110010,1,5,6
121110010,1,5,6
121110011,1,5,6
121110011,1,5,6
121110011,1,5,6
121110012,1,5,6
121110012,1,5,6
121110013,1,5,6
121110013,1,5,6
121110020,1,5,6
121110021,1,5,6
121110022,1,5,6
121110023,1,5,6
121110033,1,5,6
121120022,2,5,6
121122002,2,6,7
121122020,2,6,8
121122200,2,7,8
121200111,1,4,5
121200220,2,4,5
121200221,2,4,5
121200222,2,4,5
121200222,2,4,5
121200223,2,4,5
121201101,1,4,7
121201110,1,4,8
121202202,2,4,7
121210011,1,5,6
121211001,1,6,7
121211010,1,6,8
121211100,1,7,8
121220020,2,5,6
121220021,2,5,6
121220022,2,5,6
121220022,2,5,6
121220023,2,5,6
121220200,2,5,7
121220201,2,5,7
121220202,2,5,7
121220203,2,5,7
121222000,2,6,7
121222001,2,6,7
121222002,2,6,7
121222002,2,6,7
121222003,2,6,7
122000111,1,4,5
122000222,2,4,5
122001101,1,4,7
122001112,1,3,4
122001113,1,3,4
122002000,2,3,4
122002001,2,3,4
122002002,2,3,4
122002003,2,3,4
122002010,2,3,4
122002011,2,3,4
122002012,2,3,4
122002013,2,3,4
122002020,2,3,4
122002021,2,3,4
122002022,2,3,4
122002023,2,3,4
122002033,2,3,4
122002100,2,3,4
122002101,2,3,4
122002102,2,3,4
122002103,2,3,4
122002110,2,3,4
122002111,2,3,4
122002112,2,3,4
122002113,2,3,4
122002120,2,3,4
122002121,2,3,4
122002122,2,3,4
122002123,2,3,4
122002133,2,3,4
122002200,2,3,4
122002200,2,3,4
122002201,2,3,4
122002201,2,3,4
122002202,2,3,4
122002202,2,3,4
122002202,2,4,7
122002203,2,3,4
122002203,2,3,4
122002210,2,3,4
122002210,2,3,4
122002211,2,3,4
122002211,2,3,4
122002212,2,3,4
122002212,2,3,4
122002213,2,3,4
122002213,2,3,4
122002220,2,3,4
122002220,2,3,4
122002220,2,3,4
122002220,2,4,8
122002221,2,3,4
122002221,2,3,4
122002221,2,3,4
122002223,2,3,4
122002223,2,3,4
122002223,2,3,4
122002233,2,3,4
122002233,2,3,4
122002333,2,3,4
122010011,1,5,6
122011001,1,6,7
122011012,1,3,6
122011013,1,3,6
122011102,1,3,7
122011103,1,3,7
122020000,2,3,5
122020001,2,3,5
122020002,2,3,5
122020003,2,3,5
122020010,2,3,5
122020011,2,3,5
122020012,2,3,5
122020013,2,3,5
122020020,2,3,5
122020021,2,3,5
122020022,2,5,6
122020022,2,3,5
122020023,2,3,5
122020033,2,3,5
122020100,2,3,5
122020101,2,3,5
122020102,2,3,5
122020103,2,3,5
122020110,2,3,5
122020111,2,3,5
122020112,2,3,5
122020113,2,3,5
122020120,2,3,5
122020121,2,3,5
122020122,2,3,5
122020123,2,3,5
122020133,2,3,5
122020200,2,3,5
122020201,2,3,5
122020202,2,3,5
122020203,2,3,5
122020210,2,3,5
122020211,2,3,5
122020212,2,3,5
122020213,2,3,5
122020221,2,3,5
122020223,2,3,5
122020233,2,3,5
122020333,2,3,5
122100110,1,4,5
122100111,1,4,5
122100111,1,4,5
122100112,1,4,5
122100113,1,4,5
122100222,2,4,5
122101101,1,4,7
122102202,2,4,7
122102220,2,4,8
122110010,1,5,6
122110011,1,5,6
122110011,1,5,6
122110012,1,5,6
122110013,1,5,6
122110100,1,5,7
122110101,1,5,7
122110102,1,5,7
122110103,1,5,7
122111000,1,6,7
122111001,1,6,7
122111001,1,6,7
122111002,1,6,7
122111003,1,6,7
122120022,2,5,6
122122002,2,6,7
122122020,2,6,8
122122200,2,7,8
122200000,2,4,5
122200001,2,4,5
122200002,2,4,5
122200003,2,4,5
122200010,2,4,5
122200011,2,4,5
122200012,2,4,5
122200013,2,4,5
122200020,2,4,5
122200021,2,4,5
122200022,2,4,5
122200023,2,4,5
122200033,2,4,5
122200100,2,4,5
122200101,2,4,5
122200102,2,4,5
122200103,2,4,5
122200110,2,4,5
122200111,1,4,5
122200111,2,4,5
122200112,2,4,5
122200113,2,4,5
122200120,2,4,5
122200121,2,4,5
122200122,2,4,5
122200123,2,4,5
122200133,2,4,5
122200200,2,4,5
122200200,2,4,5
122200201,2,4,5
122200201,2,4,5
122200202,2,4,5
122200202,2,4,5
122200203,2,4,5
122200203,2,4,5
122200210,2,4,5
122200210,2,4,5
122200211,2,4,5
122200211,2,4,5
122200212,2,4,5
122200212,2,4,5
122200213,2,4,5
122200213,2,4,5
122200220,2,4,5
122200220,2,4,5
122200220,2,4,5
122200221,2,4,5
122200221,2,4,5
122200221,2,4,5
122200222,2,4,5
122200222,2,4,5
122200222,2,4,5
122200222,2,4,5
122200223,2,4,5
122200223,2,4,5
122200223,2,4,5
122200233,2,4,5
122200233,2,4,5
122200333,2,4,5
122201101,1,4,7
122201110,1,4,8
122210011,1,5,6
122211001,1,6,7
122211010,1,6,8
122211100,1,7,8
200000111,1,4,5
200000222,2,4,5
200001101,1,4,7
200001110,1,3,4
200001110,1,4,8
200001112,1,3,4
200001113,1,3,4
200002202,2,4,7
200002220,2,3,4
200002220,2,4,8
200002221,2,3,4
200002223,2,3,4
200010011,1,5,6
200011001,1,6,7
200011012,1,3,6
200011013,1,3,6
200011120,1,2,3
200011121,1,2,3
200011122,1,2,3
200011123,1,2,3
200011133,1,2,3
200020022,2,5,6
200022002,2,6,7
200022021,2,3,6
200022023,2,3,6
200022210,2,2,3
200022211,2,2,3
200022212,2,2,3
200022213,2,2,3
200022233,2,2,3
200100110,1,4,5
200100111,1,4,5
200100111,1,4,5
200100112,1,4,5
200100113,1,4,5
200100222,2,4,5
200102202,2,4,7
200102220,2,4,8
200110010,1,5,6
200110011,1,5,6
200110011,1,5,6
200110012,1,5,6
200110013,1,5,6
200110120,1,2,5
200110121,1,2,5
200110122,1,2,5
200110123,1,2,5
200110133,1,2,5
200111200,1,1,2
200111201,1,1,2
200111202,1,1,2
200111203,1,1,2
200111210,1,1,2
200111211,1,1,2
200111212,1,1,2
200111213,1,1,2
200111220,1,1,2
200111221,1,1,2
200111222,1,1,2
200111223,1,1,2
200111233,1,1,2
200111333,1,1,2
200120022,2,5,6
200122002,2,6,7
200122020,2,6,8
200122200,2,7,8
200200111,1,4,5
200200220,2,4,5
200200221,2,4,5
200200222,2,4,5
200200222,2,4,5
200200223,2,4,5
200201101,1,4,7
200201110,1,4,8
200210011,1,5,6
200211001,1,6,7
200211010,1,6,8
200211100,1,7,8
200220000,2,1,2
200220001,2,1,2
200220002,2,1,2
200220003,2,1,2
200220010,2,1,2
200220011,2,1,2
200220012,2,1,2
200220013,2,1,2
200220020,2,1,2
200220020,2,5,6
200220021,2,1,2
200220021,2,5,6
200220022,2,1,2
200220022,2,5,6
200220023,2,1,2
200220023,2,5,6
200220033,2,1,2
200220100,2,1,2
200220101,2,1,2
200220102,2,1,2
200220103,2,1,2
200220110,2,1,2
200220111,2,1,2
200220112,2,1,2
200220113,2,1,2
200220120,2,1,2
200220121,2,1,2
200220122,2,1,2
200220123,2,1,2
200220133,2,1,2
200220210,2,1,2
200220210,2,2,5
200220211,2,1,2
200220211,2,2,5
200220212,2,1,2
200220212,2,2,5
200220213,2,1,2
200220213,2,2,5
200220233,2,1,2
200220233,2,2,5
200220333,2,1,2
200221000,2,1,2
200221001,2,1,2
200221002,2,1,2
200221003,2,1,2
200221010,2,1,2
200221011,2,1,2
200221012,2,1,2
200221013,2,1,2
200221020,2,1,2
200221021,2,1,2
200221022,2,1,2
200221023,2,1,2
200221033,2,1,2
200221100,2,1,2
200221101,2,1,2
200221102,2,1,2
200221103,2,1,2
200221110,2,1,2
200221111,2,1,2
200221112,2,1,2
200221113,2,1,2
200221120,2,1,2
200221121,2,1,2
200221122,2,1,2
200221123,2,1,2
200221133,2,1,2
200221200,2,1,2
200221201,2,1,2
200221202,2,1,2
200221203,2,1,2
200221210,2,1,2
200221211,2,1,2
200221212,2,1,2
200221213,2,1,2
200221220,2,1,2
200221221,2,1,2
200221222,2,1,2
200221223,2,1,2
200221233,2,1,2
200221333,2,1,2
200222100,2,1,2
200222100,2,1,2
200222101,2,1,2
200222101,2,1,2
200222102,2,1,2
200222102,2,1,2
200222103,2,1,2
200222103,2,1,2
200222110,2,1,2
200222110,2,1,2
200222111,2,1,2
200222111,2,1,2
200222112,2,1,2
200222112,2,1,2
200222113,2,1,2
200222113,2,1,2
200222120,2,1,2
200222120,2,1,2
200222121,2,1,2
200222121,2,1,2
200222122,2,1,2
200222122,2,1,2
200222123,2,1,2
200222123,2,1,2
200222133,2,1,2
200222133,2,1,2
200222333,2,1,2
200222333,2,1,2
200223333,2,1,2
201000111,1,4,5
201000222,2,4,5
201001100,1,3,4
201001101,1,3,4
201001101,1,4,7
201001102,1,3,4
201001103,1,3,4
201001110,1,3,4
201001110,1,3,4
201001110,1,4,8
201001112,1,3,4
201001112,1,3,4
201001113,1,3,4
201001113,1,3,4
201001120,1,3,4
201001121,1,3,4
201001122,1,3,4
201001123,1,3,4
201001133,1,3,4
201002202,2,4,7
201002221,2,3,4
201002223,2,3,4
201010011,1,5,6
201020022,2,5,6
201022002,2,6,7
201022021,2,3,6
201022023,2,3,6
201022201,2,3,7
201022203,2,3,7
201100100,1,4,5
201100101,1,4,5
201100102,1,4,5
201100103,1,4,5
201100110,1,4,5
201100110,1,4,5
201100111,1,4,5
201100111,1,4,5
201100111,1,4,5
201100112,1,4,5
201100112,1,4,5
201100113,1,4,5
201100113,1,4,5
201100120,1,4,5
201100121,1,4,5
201100122,1,4,5
201100123,1,4,5
201100133,1,4,5
201100222,2,4,5
201101200,1,1,4
201101201,1,1,4
201101202,1,1,4
201101203,1,1,4
201101210,1,1,4
201101211,1,1,4
201101212,1,1,4
201101213,1,1,4
201101220,1,1,4
201101221,1,1,4
201101222,1,1,4
201101223,1,1,4
201101233,1,1,4
201101333,1,1,4
201102202,2,4,7
201102220,2,4,8
201110200,1,1,5
201110201,1,1,5
201110202,1,1,5
201110203,1,1,5
201110210,1,1,5
201110211,1,1,5
201110212,1,1,5
201110213,1,1,5
201110220,1,1,5
201110221,1,1,5
201110222,1,1,5
201110223,1,1,5
201110233,1,1,5
201110333,1,1,5
201120022,2,5,6
201122002,2,6,7
201122020,2,6,8
201122200,2,7,8
201200111,1,4,5
201200220,2,4,5
201200221,2,4,5
201200222,2,4,5
201200222,2,4,5
201200223,2,4,5
201201101,1,4,7
201201110,1,4,8
201202202,2,4,7
201210011,1,5,6
201211001,1,6,7
201211010,1,6,8
201211100,1,7,8
201220020,2,5,6
201220021,2,5,6
201220022,2,5,6
201220022,2,5,6
201220023,2,5,6
201220200,2,5,7
201220201,2,5,7
201220202,2,5,7
201220203,2,5,7
201222000,2,6,7
201222001,2,6,7
201222002,2,6,7
201222002,2,6,7
201222003,2,6,7
202000111,1,4,5
202000222,2,4,5
202001101,1,4,7
202001112,1,3,4
202001113,1,3,4
202002200,2,3,4
202002201,2,3,4
202002202,2,3,4
202002202,2,4,7
202002203,2,3,4
202002210,2,3,4
202002211,2,3,4
202002212,2,3,4
202002213,2,3,4
202002220,2,3,4
202002220,2,3,4
202002220,2,4,8
202002221,2,3,4
202002221,2,3,4
202002223,2,3,4
202002223,2,3,4
202002233,2,3,4
202010011,1,5,6
202011001,1,6,7
202011012,1,3,6
202011013,1,3,6
202011102,1,3,7
202011103,1,3,7
202020022,2,5,6
202100110,1,4,5
202100111,1,4,5
202100111,1,4,5
202100112,1,4,5
202100113,1,4,5
202100222,2,4,5
202101101,1,4,7
202102202,2,4,7
202102220,2,4,8
202110010,1,5,6
202110011,1,5,6
202110011,1,5,6
202110012,1,5,6
202110013,1,5,6
202110100,1,5,7
202110101,1,5,7
202110102,1,5,7
202110103,1,5,7
202111000,1,6,7
202111001,1,6,7
202111001,1,6,7
202111002,1,6,7
202111003,1,6,7
202120022,2,5,6
202122002,2,6,7
202122020,2,6,8
202122200,2,7,8
202200111,1,4,5
202200200,2,4,5
202200201,2,4,5
202200202,2,4,5
202200203,2,4,5
202200210,2,4,5
202200211,2,4,5
202200212,2,4,5
202200213,2,4,5
202200220,2,4,5
202200220,2,4,5
202200221,2,4,5
202200221,2,4,5
202200222,2,4,5
202200222,2,4,5
202200222,2,4,5
202200223,2,4,5
202200223,2,4,5
202200233,2,4,5
202201101,1,4,7
202201110,1,4,8
202202100,2,1,4
202202101,2,1,4
202202102,2,1,4
202202103,2,1,4
202202110,2,1,4
202202111,2,1,4
202202112,2,1,4
202202113,2,1,4
202202120,2,1,4
202202121,2,1,4
202202122,2,1,4
202202123,2,1,4
202202133,2,1,4
202202333,2,1,4
202210011,1,5,6
202211001,1,6,7
202211010,1,6,8
202211100,1,7,8
210000111,1,4,5
210000222,2,4,5
210001101,1,4,7
210001110,1,3,4
210001110,1,4,8
210001112,1,3,4
210001113,1,3,4
210002202,2,4,7
210002220,2,3,4
210002220,2,4,8
210002221,2,3,4
210002223,2,3,4
210010011,1,5,6
210011000,1,2,3
210011001,1,2,3
210011001,1,6,7
210011002,1,2,3
210011003,1,2,3
210011012,1,2,3
210011012,1,3,6
210011013,1,2,3
210011013,1,3,6
210011020,1,2,3
210011021,1,2,3
210011022,1,2,3
210011023,1,2,3
210011033,1,2,3
210011120,1,2,3
210011120,1,2,3
210011121,1,2,3
210011121,1,2,3
210011122,1,2,3
210011122,1,2,3
210011123,1,2,3
210011123,1,2,3
210011133,1,2,3
210011133,1,2,3
210011200,1,2,3
210011201,1,2,3
210011202,1,2,3
210011203,1,2,3
210011210,1,2,3
210011211,1,2,3
210011212,1,2,3
210011213,1,2,3
210011220,1,2,3
210011221,1,2,3
210011222,1,2,3
210011223,1,2,3
210011233,1,2,3
210011333,1,2,3
210020022,2,5,6
210022002,2,6,7
210022021,2,3,6
210022023,2,3,6
210022210,2,2,3
210022211,2,2,3
210022212,2,2,3
210022213,2,2,3
210022233,2,2,3
210100110,1,4,5
210100111,1,4,5
210100111,1,4,5
210100112,1,4,5
210100113,1,4,5
210100222,2,4,5
210102202,2,4,7
210102220,2,4,8
210110010,1,5,6
210110011,1,5,6
210110011,1,5,6
210110012,1,5,6
210110013,1,5,6
210110120,1,2,5
210110121,1,2,5
210110122,1,2,5
210110123,1,2,5
210110133,1,2,5
210120022,2,5,6
210122002,2,6,7
210122020,2,6,8
210122200,2,7,8
210200111,1,4,5
210200220,2,4,5
210200221,2,4,5
210200222,2,4,5
210200222,2,4,5
210200223,2,4,5
210201101,1,4,7
210201110,1,4,8
210210011,1,5,6
210211001,1,6,7
210211010,1,6,8
210211100,1,7,8
210220020,2,5,6
210220021,2,5,6
210220022,2,5,6
210220022,2,5,6
210220023,2,5,6
210220210,2,2,5
210220211,2,2,5
210220212,2,2,5
210220213,2,2,5
210220233,2,2,5
210222010,2,2,6
210222011,2,2,6
210222012,2,2,6
210222013,2,2,6
210222033,2,2,6
211000111,1,4,5
211000222,2,4,5
211001000,1,3,4
211001001,1,3,4
211001002,1,3,4
211001003,1,3,4
211001010,1,3,4
211001011,1,3,4
211001012,1,3,4
211001013,1,3,4
211001020,1,3,4
211001021,1,3,4
211001022,1,3,4
211001023,1,3,4
211001033,1,3,4
211001100,1,3,4
211001100,1,3,4
211001101,1,3,4
211001101,1,3,4
211001101,1,4,7
211001102,1,3,4
211001102,1,3,4
211001103,1,3,4
211001103,1,3,4
211001110,1,3,4
211001110,1,3,4
211001110,1,3,4
211001110,1,4,8
211001112,1,3,4
211001112,1,3,4
211001112,1,3,4
211001113,1,3,4
211001113,1,3,4
211001113,1,3,4
211001120,1,3,4
211001120,1,3,4
211001121,1,3,4
211001121,1,3,4
211001122,1,3,4
211001122,1,3,4
211001123,1,3,4
211001123,1,3,4
211001133,1,3,4
211001133,1,3,4
211001200,1,3,4
211001201,1,3,4
211001202,1,3,4
211001203,1,3,4
211001210,1,3,4
211001211,1,3,4
211001212,1,3,4
211001213,1,3,4
211001220,1,3,4
211001221,1,3,4
211001222,1,3,4
211001223,1,3,4
211001233,1,3,4
211001333,1,3,4
211002202,2,4,7
211002221,2,3,4
211002223,2,3,4
211010000,1,3,5
211010001,1,3,5
211010002,1,3,5
211010003,1,3,5
211010010,1,3,5
211010011,1,5,6
211010011,1,3,5
211010012,1,3,5
211010013,1,3,5
211010020,1,3,5
211010021,1,3,5
211010022,1,3,5
211010023,1,3,5
211010033,1,3,5
211010100,1,3,5
211010101,1,3,5
211010102,1,3,5
211010103,1,3,5
211010112,1,3,5
211010113,1,3,5
211010120,1,3,5
211010121,1,3,5
211010122,1,3,5
211010123,1,3,5
211010133,1,3,5
211010200,1,3,5
211010201,1,3,5
211010202,1,3,5
211010203,1,3,5
211010210,1,3,5
211010211,1,3,5
211010212,1,3,5
211010213,1,3,5
211010220,1,3,5
211010221,1,3,5
211010222,1,3,5
211010223,1,3,5
211010233,1,3,5
211010333,1,3,5
211020022,2,5,6
211022002,2,6,7
211022021,2,3,6
211022023,2,3,6
211022201,2,3,7
211022203,2,3,7
211100000,1,4,5
211100001,1,4,5
211100002,1,4,5
211100003,1,4,5
211100010,1,4,5
211100011,1,4,5
211100012,1,4,5
211100013,1,4,5
211100020,1,4,5
211100021,1,4,5
211100022,1,4,5
211100023,1,4,5
211100033,1,4,5
211100100,1,4,5
211100100,1,4,5
211100101,1,4,5
211100101,1,4,5
211100102,1,4,5
211100102,1,4,5
211100103,1,4,5
211100103,1,4,5
211100110,1,4,5
211100110,1,4,5
211100110,1,4,5
211100111,1,4,5
211100111,1,4,5
211100111,1,4,5
211100111,1,4,5
211100112,1,4,5
211100112,1,4,5
211100112,1,4,5
211100113,1,4,5
211100113,1,4,5
211100113,1,4,5
211100120,1,4,5
211100120,1,4,5
211100121,1,4,5
211100121,1,4,5
211100122,1,4,5
211100122,1,4,5
211100123,1,4,5
211100123,1,4,5
211100133,1,4,5
211100133,1,4,5
211100200,1,4,5
211100201,1,4,5
211100202,1,4,5
211100203,1,4,5
211100210,1,4,5
211100211,1,4,5
211100212,1,4,5
211100213,1,4,5
211100220,1,4,5
211100221,1,4,5
211100222,1,4,5
211100222,2,4,5
211100223,1,4,5
211100233,1,4,5
211100333,1,4,5
211102202,2,4,7
211102220,2,4,8
211120022,2,5,6
211122002,2,6,7
211122020,2,6,8
211122200,2,7,8
211200111,1,4,5
211200220,2,4,5
211200221,2,4,5
211200222,2,4,5
211200222,2,4,5
211200223,2,4,5
211201101,1,4,7
211201110,1,4,8
211202202,2,4,7
211210011,1,5,6
211211001,1,6,7
211211010,1,6,8
211211100,1,7,8
211220020,2,5,6
211220021,2,5,6
211220022,2,5,6
211220022,2,5,6
211220023,2,5,6
211220200,2,5,7
211220201,2,5,7
211220202,2,5,7
211220203,2,5,7
211222000,2,6,7
211222001,2,6,7
211222002,2,6,7
211222002,2,6,7
211222003,2,6,7
212000111,1,4,5
212000222,2,4,5
212001101,1,4,7
212001112,1,3,4
212001113,1,3,4
212002200,2,3,4
212002201,2,3,4
212002202,2,3,4
212002202,2,4,7
212002203,2,3,4
212002210,2,3,4
212002211,2,3,4
212002212,2,3,4
212002213,2,3,4
212002220,2,3,4
212002220,2,3,4
212002220,2,4,8
212002221,2,3,4
212002221,2,3,4
212002223,2,3,4
212002223,2,3,4
212002233,2,3,4
212010011,1,5,6
212011001,1,6,7
212011012,1,3,6
212011013,1,3,6
212011102,1,3,7
212011103,1,3,7
212020022,2,5,6
212022002,2,6,7
212022021,2,3,6
212022023,2,3,6
212100110,1,4,5
212100111,1,4,5
212100111,1,4,5
212100112,1,4,5
212100113,1,4,5
212100222,2,4,5
212101101,1,4,7
212102202,2,4,7
212102220,2,4,8
212110010,1,5,6
212110011,1,5,6
212110011,1,5,6
212110012,1,5,6
212110013,1,5,6
212110100,1,5,7
212110101,1,5,7
212110102,1,5,7
212110103,1,5,7
212111000,1,6,7
212111001,1,6,7
212111001,1,6,7
212111002,1,6,7
212111003,1,6,7
212120022,2,5,6
212122002,2,6,7
212122020,2,6,8
212122200,2,7,8
212200111,1,4,5
212200200,2,4,5
212200201,2,4,5
212200202,2,4,5
212200203,2,4,5
212200210,2,4,5
212200211,2,4,5
212200212,2,4,5
212200213,2,4,5
212200220,2,4,5
212200220,2,4,5
212200221,2,4,5
212200221,2,4,5
212200222,2,4,5
212200222,2,4,5
212200222,2,4,5
212200223,2,4,5
212200223,2,4,5
212200233,2,4,5
212201101,1,4,7
212201110,1,4,8
212202000,2,4,6
212202001,2,4,6
212202002,2,4,6
212202003,2,4,6
212202010,2,4,6
212202011,2,4,6
212202012,2,4,6
212202013,2,4,6
212202020,2,4,6
212202021,2,4,6
212202022,2,4,6
212202023,2,4,6
212202033,2,4,6
212210011,1,5,6
212211001,1,6,7
212211010,1,6,8
212211100,1,7,8
212220000,2,5,6
212220001,2,5,6
212220002,2,5,6
212220003,2,5,6
212220010,2,5,6
212220011,2,5,6
212220012,2,5,6
212220013,2,5,6
212220020,2,5,6
212220020,2,5,6
212220021,2,5,6
212220021,2,5,6
212220022,2,5,6
212220022,2,5,6
212220022,2,5,6
212220023,2,5,6
212220023,2,5,6
212220033,2,5,6
220000111,1,4,5
220000222,2,4,5
220001101,1,4,7
220001110,1,3,4
220001110,1,4,8
220001112,1,3,4
220001113,1,3,4
220002202,2,4,7
220002220,2,3,4
220002220,2,4,8
220002221,2,3,4
220002223,2,3,4
220010011,1,5,6
220011001,1,6,7
220011012,1,3,6
220011013,1,3,6
220011120,1,2,3
220011121,1,2,3
220011122,1,2,3
220011123,1,2,3
220011133,1,2,3
220020000,2,2,3
220020001,2,2,3
220020002,2,2,3
220020003,2,2,3
220020010,2,2,3
220020011,2,2,3
220020012,2,2,3
220020013,2,2,3
220020020,2,2,3
220020021,2,2,3
220020022,2,5,6
220020022,2,2,3
220020023,2,2,3
220020033,2,2,3
220020100,2,2,3
220020101,2,2,3
220020102,2,2,3
220020103,2,2,3
220020110,2,2,3
220020111,2,2,3
220020112,2,2,3
220020113,2,2,3
220020120,2,2,3
220020121,2,2,3
220020122,2,2,3
220020123,2,2,3
220020133,2,2,3
220020200,2,2,3
220020201,2,2,3
220020202,2,2,3
220020203,2,2,3
220020210,2,2,3
220020211,2,2,3
220020212,2,2,3
220020213,2,2,3
220020221,2,2,3
220020223,2,2,3
220020233,2,2,3
220020333,2,2,3
220021000,2,2,3
220021001,2,2,3
220021002,2,2,3
220021003,2,2,3
220021010,2,2,3
220021011,2,2,3
220021012,2,2,3
220021013,2,2,3
220021020,2,2,3
220021021,2,2,3
220021022,2,2,3
220021023,2,2,3
220021033,2,2,3
220021100,2,2,3
220021101,2,2,3
220021102,2,2,3
220021103,2,2,3
220021110,2,2,3
220021111,2,2,3
220021112,2,2,3
220021113,2,2,3
220021120,2,2,3
220021121,2,2,3
220021122,2,2,3
220021123,2,2,3
220021133,2,2,3
220021200,2,2,3
220021201,2,2,3
220021202,2,2,3
220021203,2,2,3
220021210,2,2,3
220021211,2,2,3
220021212,2,2,3
220021213,2,2,3
220021220,2,2,3
220021221,2,2,3
220021222,2,2,3
220021223,2,2,3
220021233,2,2,3
220021333,2,2,3
220022000,2,2,3
220022000,2,2,3
220022001,2,2,3
220022001,2,2,3
220022002,2,2,3
220022002,2,2,3
220022003,2,2,3
220022003,2,2,3
220022010,2,2,3
220022010,2,2,3
220022011,2,2,3
220022011,2,2,3
220022012,2,2,3
220022012,2,2,3
220022013,2,2,3
220022013,2,2,3
220022021,2,2,3
220022021,2,2,3
220022021,2,3,6
220022023,2,2,3
220022023,2,2,3
220022023,2,3,6
220022033,2,2,3
220022033,2,2,3
220022100,2,2,3
220022100,2,2,3
220022101,2,2,3
220022101,2,2,3
220022102,2,2,3
220022102,2,2,3
220022103,2,2,3
220022103,2,2,3
220022110,2,2,3
220022110,2,2,3
220022111,2,2,3
220022111,2,2,3
220022112,2,2,3
220022112,2,2,3
220022113,2,2,3
220022113,2,2,3
220022120,2,2,3
220022120,2,2,3
220022121,2,2,3
220022121,2,2,3
220022122,2,2,3
220022122,2,2,3
220022123,2,2,3
220022123,2,2,3
220022133,2,2,3
220022133,2,2,3
220022210,2,2,3
220022210,2,2,3
220022210,2,2,3
220022211,2,2,3
220022211,2,2,3
220022211,2,2,3
220022212,2,2,3
220022212,2,2,3
220022212,2,2,3
220022213,2,2,3
220022213,2,2,3
220022213,2,2,3
220022233,2,2,3
220022233,2,2,3
220022233,2,2,3
220022333,2,2,3
220022333,2,2,3
220023333,2,2,3
220100110,1,4,5
220100111,1,4,5
220100111,1,4,5
220100112,1,4,5
220100113,1,4,5
220100222,2,4,5
220102202,2,4,7
220102220,2,4,8
220110010,1,5,6
220110011,1,5,6
220110011,1,5,6
220110012,1,5,6
220110013,1,5,6
220110120,1,2,5
220110121,1,2,5
220110122,1,2,5
220110123,1,2,5
220110133,1,2,5
220111020,1,2,6
220111021,1,2,6
220111022,1,2,6
220111023,1,2,6
220111033,1,2,6
220120022,2,5,6
220122002,2,6,7
220122020,2,6,8
220122200,2,7,8
220200000,2,2,4
220200001,2,2,4
220200002,2,2,4
220200003,2,2,4
220200010,2,2,4
220200011,2,2,4
220200012,2,2,4
220200013,2,2,4
220200020,2,2,4
220200021,2,2,4
220200022,2,2,4
220200023,2,2,4
220200033,2,2,4
220200100,2,2,4
220200101,2,2,4
220200102,2,2,4
220200103,2,2,4
220200110,2,2,4
220200111,1,4,5
220200111,2,2,4
220200112,2,2,4
220200113,2,2,4
220200120,2,2,4
220200121,2,2,4
220200122,2,2,4
220200123,2,2,4
220200133,2,2,4
220200200,2,2,4
220200201,2,2,4
220200202,2,2,4
220200203,2,2,4
220200210,2,2,4
220200211,2,2,4
220200212,2,2,4
220200213,2,2,4
220200220,2,4,5
220200220,2,2,4
220200221,2,4,5
220200221,2,2,4
220200222,2,4,5
220200222,2,4,5
220200222,2,2,4
220200223,2,4,5
220200223,2,2,4
220200233,2,2,4
220200333,2,2,4
220201000,2,2,4
220201001,2,2,4
220201002,2,2,4
220201003,2,2,4
220201010,2,2,4
220201011,2,2,4
220201012,2,2,4
220201013,2,2,4
220201020,2,2,4
220201021,2,2,4
220201022,2,2,4
220201023,2,2,4
220201033,2,2,4
220201100,2,2,4
220201101,1,4,7
220201101,2,2,4
220201102,2,2,4
220201103,2,2,4
220201110,1,4,8
220201110,2,2,4
220201112,2,2,4
220201113,2,2,4
220201120,2,2,4
220201121,2,2,4
220201122,2,2,4
220201123,2,2,4
220201133,2,2,4
220201200,2,2,4
220201201,2,2,4
220201202,2,2,4
220201203,2,2,4
220201210,2,2,4
220201211,2,2,4
220201212,2,2,4
220201213,2,2,4
220201220,2,2,4
220201221,2,2,4
220201222,2,2,4
220201223,2,2,4
220201233,2,2,4
220201333,2,2,4
220202000,2,2,4
220202001,2,2,4
220202002,2,2,4
220202003,2,2,4
220202010,2,2,4
220202011,2,2,4
220202012,2,2,4
220202013,2,2,4
220202020,2,2,4
220202021,2,2,4
220202022,2,2,4
220202023,2,2,4
220202033,2,2,4
220202100,2,2,4
220202101,2,2,4
220202102,2,2,4
220202103,2,2,4
220202110,2,2,4
220202111,2,2,4
220202112,2,2,4
220202113,2,2,4
220202120,2,2,4
220202121,2,2,4
220202122,2,2,4
220202123,2,2,4
220202133,2,2,4
220202210,2,2,4
220202211,2,2,4
220202212,2,2,4
220202213,2,2,4
220202233,2,2,4
220202333,2,2,4
220203333,2,2,4
220210011,1,5,6
220211001,1,6,7
220211010,1,6,8
220211100,1,7,8
221000111,1,4,5
221000222,2,4,5
221001100,1,3,4
221001101,1,3,4
221001101,1,4,7
221001102,1,3,4
221001103,1,3,4
221001110,1,3,4
221001110,1,3,4
221001110,1,4,8
221001112,1,3,4
221001112,1,3,4
221001113,1,3,4
221001113,1,3,4
221001120,1,3,4
221001121,1,3,4
221001122,1,3,4
221001123,1,3,4
221001133,1,3,4
221002202,2,4,7
221002221,2,3,4
221002223,2,3,4
221010011,1,5,6
221011001,1,6,7
221011012,1,3,6
221011013,1,3,6
221020022,2,5,6
221022002,2,6,7
221022021,2,3,6
221022023,2,3,6
221022201,2,3,7
221022203,2,3,7
221100100,1,4,5
221100101,1,4,5
221100102,1,4,5
221100103,1,4,5
221100110,1,4,5
221100110,1,4,5
221100111,1,4,5
221100111,1,4,5
221100111,1,4,5
221100112,1,4,5
221100112,1,4,5
221100113,1,4,5
221100113,1,4,5
221100120,1,4,5
221100121,1,4,5
221100122,1,4,5
221100123,1,4,5
221100133,1,4,5
221100222,2,4,5
221101000,1,4,6
221101001,1,4,6
221101002,1,4,6
221101003,1,4,6
221101010,1,4,6
221101011,1,4,6
221101012,1,4,6
221101013,1,4,6
221101020,1,4,6
221101021,1,4,6
221101022,1,4,6
221101023,1,4,6
221101033,1,4,6
221102202,2,4,7
221102220,2,4,8
221110000,1,5,6
221110001,1,5,6
221110002,1,5,6
221110003,1,5,6
221110010,1,5,6
221110010,1,5,6
221110011,1,5,6
221110011,1,5,6
221110011,1,5,6
221110012,1,5,6
221110012,1,5,6
221110013,1,5,6
221110013,1,5,6
221110020,1,5,6
221110021,1,5,6
221110022,1,5,6
221110023,1,5,6
221110033,1,5,6
221120022,2,5,6
221122002,2,6,7
221122020,2,6,8
221122200,2,7,8
221200111,1,4,5
221200220,2,4,5
221200221,2,4,5
221200222,2,4,5
221200222,2,4,5
221200223,2,4,5
221201101,1,4,7
221201110,1,4,8
221202202,2,4,7
221210011,1,5,6
221211001,1,6,7
221211010,1,6,8
221211100,1,7,8
221220020,2,5,6
221220021,2,5,6
221220022,2,5,6
221220022,2,5,6
221220023,2,5,6
221220200,2,5,7
221220201,2,5,7
221220202,2,5,7
221220203,2,5,7
221222000,2,6,7
221222001,2,6,7
221222002,2,6,7
221222002,2,6,7
221222003,2,6,7
222000000,2,3,4
222000001,2,3,4
222000002,2,3,4
222000003,2,3,4
222000010,2,3,4
222000011,2,3,4
222000012,2,3,4
222000013,2,3,4
222000020,2,3,4
222000021,2,3,4
222000022,2,3,4
222000023,2,3,4
222000033,2,3,4
222000100,2,3,4
222000101,2,3,4
222000102,2,3,4
222000103,2,3,4
222000110,2,3,4
222000111,1,4,5
222000111,2,3,4
222000112,2,3,4
222000113,2,3,4
222000120,2,3,4
222000121,2,3,4
222000122,2,3,4
222000123,2,3,4
222000133,2,3,4
222000200,2,3,4
222000201,2,3,4
222000202,2,3,4
222000203,2,3,4
222000210,2,3,4
222000211,2,3,4
222000212,2,3,4
222000213,2,3,4
222000220,2,3,4
222000221,2,3,4
222000222,2,3,4
222000222,2,4,5
222000223,2,3,4
222000233,2,3,4
222000333,2,3,4
222001000,2,3,4
222001001,2,3,4
222001002,2,3,4
222001003,2,3,4
222001010,2,3,4
222001011,2,3,4
222001012,2,3,4
222001013,2,3,4
222001020,2,3,4
222001021,2,3,4
222001022,2,3,4
222001023,2,3,4
222001033,2,3,4
222001100,2,3,4
222001101,1,4,7
222001101,2,3,4
222001102,2,3,4
222001103,2,3,4
222001112,1,3,4
222001112,2,3,4
222001113,1,3,4
222001113,2,3,4
222001120,2,3,4
222001121,2,3,4
222001122,2,3,4
222001123,2,3,4
222001133,2,3,4
222001200,2,3,4
222001201,2,3,4
222001202,2,3,4
222001203,2,3,4
222001210,2,3,4
222001211,2,3,4
222001212,2,3,4
222001213,2,3,4
222001220,2,3,4
222001221,2,3,4
222001222,2,3,4
222001223,2,3,4
222001233,2,3,4
222001333,2,3,4
222002000,2,3,4
222002000,2,3,4
222002001,2,3,4
222002001,2,3,4
222002002,2,3,4
222002002,2,3,4
222002003,2,3,4
222002003,2,3,4
222002010,2,3,4
222002010,2,3,4
222002011,2,3,4
222002011,2,3,4
222002012,2,3,4
222002012,2,3,4
222002013,2,3,4
222002013,2,3,4
222002020,2,3,4
222002020,2,3,4
222002021,2,3,4
222002021,2,3,4
222002022,2,3,4
222002022,2,3,4
222002023,2,3,4
222002023,2,3,4
222002033,2,3,4
222002033,2,3,4
222002100,2,3,4
222002100,2,3,4
222002101,2,3,4
222002101,2,3,4
222002102,2,3,4
222002102,2,3,4
222002103,2,3,4
222002103,2,3,4
222002110,2,3,4
222002110,2,3,4
222002111,2,3,4
222002111,2,3,4
222002112,2,3,4
222002112,2,3,4
222002113,2,3,4
222002113,2,3,4
222002120,2,3,4
222002120,2,3,4
222002121,2,3,4
222002121,2,3,4
222002122,2,3,4
222002122,2,3,4
222002123,2,3,4
222002123,2,3,4
222002133,2,3,4
222002133,2,3,4
222002200,2,3,4
222002200,2,3,4
222002200,2,3,4
222002201,2,3,4
222002201,2,3,4
222002201,2,3,4
222002202,2,3,4
222002202,2,3,4
222002202,2,3,4
222002202,2,4,7
222002203,2,3,4
222002203,2,3,4
222002203,2,3,4
222002210,2,3,4
222002210,2,3,4
222002210,2,3,4
222002211,2,3,4
222002211,2,3,4
222002211,2,3,4
222002212,2,3,4
222002212,2,3,4
222002212,2,3,4
222002213,2,3,4
222002213,2,3,4
222002213,2,3,4
222002220,2,3,4
222002220,2,3,4
222002220,2,3,4
222002220,2,3,4
222002220,2,4,8
222002221,2,3,4
222002221,2,3,4
222002221,2,3,4
222002221,2,3,4
222002223,2,3,4
222002223,2,3,4
222002223,2,3,4
222002223,2,3,4
222002233,2,3,4
222002233,2,3,4
222002233,2,3,4
222002333,2,3,4
222002333,2,3,4
222003333,2,3,4
222010011,1,5,6
222011001,1,6,7
222011012,1,3,6
222011013,1,3,6
222011102,1,3,7
222011103,1,3,7
222100110,1,4,5
222100111,1,4,5
222100111,1,4,5
222100112,1,4,5
222100113,1,4,5
222100222,2,4,5
222101101,1,4,7
222102202,2,4,7
222102220,2,4,8
222110010,1,5,6
222110011,1,5,6
222110011,1,5,6
222110012,1,5,6
222110013,1,5,6
222110100,1,5,7
222110101,1,5,7
222110102,1,5,7
222110103,1,5,7
222111000,1,6,7
222111001,1,6,7
222111001,1,6,7
222111002,1,6,7
222111003,1,6,7
222120022,2,5,6
222122002,2,6,7
222122020,2,6,8
222122200,2,7,8
222210011,1,5,6
222211001,1,6,7
222211010,1,6,8
222211100,1,7,8
300000111,1,4,5
300000222,2,4,5
300001101,1,4,7
300001110,1,3,4
300001110,1,4,8
300001112,1,3,4
300001113,1,3,4
300002202,2,4,7
300002220,2,3,4
300002220,2,4,8
300002221,2,3,4
300002223,2,3,4
300010011,1,5,6
300011001,1,6,7
300011012,1,3,6
300011013,1,3,6
300011120,1,2,3
300011121,1,2,3
300011122,1,2,3
300011123,1,2,3
300011133,1,2,3
300020022,2,5,6
300022002,2,6,7
300022021,2,3,6
300022023,2,3,6
300022210,2,2,3
300022211,2,2,3
300022212,2,2,3
300022213,2,2,3
300022233,2,2,3
300100110,1,4,5
300100111,1,4,5
300100111,1,4,5
300100112,1,4,5
300100113,1,4,5
300100222,2,4,5
300102202,2,4,7
300102220,2,4,8
300110010,1,5,6
300110011,1,5,6
300110011,1,5,6
300110012,1,5,6
300110013,1,5,6
300110120,1,2,5
300110121,1,2,5
300110122,1,2,5
300110123,1,2,5
300110133,1,2,5
300111200,1,1,2
300111201,1,1,2
300111202,1,1,2
300111203,1,1,2
300111210,1,1,2
300111211,1,1,2
300111212,1,1,2
300111213,1,1,2
300111220,1,1,2
300111221,1,1,2
300111222,1,1,2
300111223,1,1,2
300111233,1,1,2
300111333,1,1,2
300120022,2,5,6
300122002,2,6,7
300122020,2,6,8
300122200,2,7,8
300200111,1,4,5
300200220,2,4,5
300200221,2,4,5
300200222,2,4,5
300200222,2,4,5
300200223,2,4,5
300201101,1,4,7
300201110,1,4,8
300210011,1,5,6
300211001,1,6,7
300211010,1,6,8
300211100,1,7,8
300220020,2,5,6
300220021,2,5,6
300220022,2,5,6
300220022,2,5,6
300220023,2,5,6
300220210,2,2,5
300220211,2,2,5
300220212,2,2,5
300220213,2,2,5
300220233,2,2,5
300222100,2,1,2
300222101,2,1,2
300222102,2,1,2
300222103,2,1,2
300222110,2,1,2
300222111,2,1,2
300222112,2,1,2
300222113,2,1,2
300222120,2,1,2
300222121,2,1,2
300222122,2,1,2
300222123,2,1,2
300222133,2,1,2
300222333,2,1,2
301000111,1,4,5
301000222,2,4,5
301001100,1,3,4
301001101,1,3,4
301001101,1,4,7
301001102,1,3,4
301001103,1,3,4
301001110,1,3,4
301001110,1,3,4
301001110,1,4,8
301001112,1,3,4
301001112,1,3,4
301001113,1,3,4
301001113,1,3,4
301001120,1,3,4
301001121,1,3,4
301001122,1,3,4
301001123,1,3,4
301001133,1,3,4
301002202,2,4,7
301002221,2,3,4
301002223,2,3,4
301010011,1,5,6
301020022,2,5,6
301022002,2,6,7
301022021,2,3,6
301022023,2,3,6
301022201,2,3,7
301022203,2,3,7
301100100,1,4,5
301100101,1,4,5
301100102,1,4,5
301100103,1,4,5
301100110,1,4,5
301100110,1,4,5
301100111,1,4,5
301100111,1,4,5
301100111,1,4,5
301100112,1,4,5
301100112,1,4,5
301100113,1,4,5
301100113,1,4,5
301100120,1,4,5
301100121,1,4,5
301100122,1,4,5
301100123,1,4,5
301100133,1,4,5
301100222,2,4,5
301101200,1,1,4
301101201,1,1,4
301101202,1,1,4
301101203,1,1,4
301101210,1,1,4
301101211,1,1,4
301101212,1,1,4
301101213,1,1,4
301101220,1,1,4
301101221,1,1,4
301101222,1,1,4
301101223,1,1,4
301101233,1,1,4
301101333,1,1,4
301102202,2,4,7
301102220,2,4,8
301110200,1,1,5
301110201,1,1,5
301110202,1,1,5
301110203,1,1,5
301110210,1,1,5
301110211,1,1,5
301110212,1,1,5
301110213,1,1,5
301110220,1,1,5
301110221,1,1,5
301110222,1,1,5
301110223,1,1,5
301110233,1,1,5
301110333,1,1,5
301120022,2,5,6
301122002,2,6,7
301122020,2,6,8
301122200,2,7,8
301200111,1,4,5
301200220,2,4,5
301200221,2,4,5
301200222,2,4,5
301200222,2,4,5
301200223,2,4,5
301201101,1,4,7
301201110,1,4,8
301202202,2,4,7
301210011,1,5,6
301211001,1,6,7
301211010,1,6,8
301211100,1,7,8
301220020,2,5,6
301220021,2,5,6
301220022,2,5,6
301220022,2,5,6
301220023,2,5,6
301220200,2,5,7
301220201,2,5,7
301220202,2,5,7
301220203,2,5,7
301222000,2,6,7
301222001,2,6,7
301222002,2,6,7
301222002,2,6,7
301222003,2,6,7
302000111,1,4,5
302000222,2,4,5
302001101,1,4,7
302001112,1,3,4
302001113,1,3,4
302002200,2,3,4
302002201,2,3,4
302002202,2,3,4
302002202,2,4,7
302002203,2,3,4
302002210,2,3,4
302002211,2,3,4
302002212,2,3,4
302002213,2,3,4
302002220,2,3,4
302002220,2,3,4
302002220,2,4,8
302002221,2,3,4
302002221,2,3,4
302002223,2,3,4
302002223,2,3,4
302002233,2,3,4
302010011,1,5,6
302011001,1,6,7
302011012,1,3,6
302011013,1,3,6
302011102,1,3,7
302011103,1,3,7
302020022,2,5,6
302100110,1,4,5
302100111,1,4,5
302100111,1,4,5
302100112,1,4,5
302100113,1,4,5
302100222,2,4,5
302101101,1,4,7
302102202,2,4,7
302102220,2,4,8
302110010,1,5,6
302110011,1,5,6
302110011,1,5,6
302110012,1,5,6
302110013,1,5,6
302110100,1,5,7
302110101,1,5,7
302110102,1,5,7
302110103,1,5,7
302111000,1,6,7
302111001,1,6,7
302111001,1,6,7
302111002,1,6,7
302111003,1,6,7
302120022,2,5,6
302122002,2,6,7
302122020,2,6,8
302122200,2,7,8
302200111,1,4,5
302200200,2,4,5
302200201,2,4,5
302200202,2,4,5
302200203,2,4,5
302200210,2,4,5
302200211,2,4,5
302200212,2,4,5
302200213,2,4,5
302200220,2,4,5
302200220,2,4,5
302200221,2,4,5
302200221,2,4,5
302200222,2,4,5
302200222,2,4,5
302200222,2,4,5
302200223,2,4,5
302200223,2,4,5
302200233,2,4,5
302201101,1,4,7
302201110,1,4,8
302202100,2,1,4
302202101,2,1,4
302202102,2,1,4
302202103,2,1,4
302202110,2,1,4
302202111,2,1,4
302202112,2,1,4
302202113,2,1,4
302202120,2,1,4
302202121,2,1,4
302202122,2,1,4
302202123,2,1,4
302202133,2,1,4
302202333,2,1,4
302210011,1,5,6
302211001,1,6,7
302211010,1,6,8
302211100,1,7,8
302220100,2,1,5
302220101,2,1,5
302220102,2,1,5
302220103,2,1,5
302220110,2,1,5
302220111,2,1,5
302220112,2,1,5
302220113,2,1,5
302220120,2,1,5
302220121,2,1,5
302220122,2,1,5
302220123,2,1,5
302220133,2,1,5
302220333,2,1,5
310000111,1,4,5
310000222,2,4,5
310001101,1,4,7
310001110,1,3,4
310001110,1,4,8
310001112,1,3,4
310001113,1,3,4
310002202,2,4,7
310002220,2,3,4
310002220,2,4,8
310002221,2,3,4
310002223,2,3,4
310010011,1,5,6
310011000,1,2,3
310011001,1,2,3
310011001,1,6,7
310011002,1,2,3
310011003,1,2,3
310011012,1,2,3
310011012,1,3,6
310011013,1,2,3
310011013,1,3,6
310011020,1,2,3
310011021,1,2,3
310011022,1,2,3
310011023,1,2,3
310011033,1,2,3
310011120,1,2,3
310011120,1,2,3
310011121,1,2,3
310011121,1,2,3
310011122,1,2,3
310011122,1,2,3
310011123,1,2,3
310011123,1,2,3
310011133,1,2,3
310011133,1,2,3
310011200,1,2,3
310011201,1,2,3
310011202,1,2,3
310011203,1,2,3
310011210,1,2,3
310011211,1,2,3
310011212,1,2,3
310011213,1,2,3
310011220,1,2,3
310011221,1,2,3
310011222,1,2,3
310011223,1,2,3
310011233,1,2,3
310011333,1,2,3
310020022,2,5,6
310022002,2,6,7
310022021,2,3,6
310022023,2,3,6
310022210,2,2,3
310022211,2,2,3
310022212,2,2,3
310022213,2,2,3
310022233,2,2,3
310100110,1,4,5
310100111,1,4,5
310100111,1,4,5
310100112,1,4,5
310100113,1,4,5
310100222,2,4,5
310102202,2,4,7
310102220,2,4,8
310110010,1,5,6
310110011,1,5,6
310110011,1,5,6
310110012,1,5,6
310110013,1,5,6
310110120,1,2,5
310110121,1,2,5
310110122,1,2,5
310110123,1,2,5
310110133,1,2,5
310120022,2,5,6
310122002,2,6,7
310122020,2,6,8
310122200,2,7,8
310200111,1,4,5
310200220,2,4,5
310200221,2,4,5
310200222,2,4,5
310200222,2,4,5
310200223,2,4,5
310201101,1,4,7
310201110,1,4,8
310210011,1,5,6
310211001,1,6,7
310211010,1,6,8
310211100,1,7,8
310220020,2,5,6
310220021,2,5,6
310220022,2,5,6
310220022,2,5,6
310220023,2,5,6
310220210,2,2,5
310220211,2,2,5
310220212,2,2,5
310220213,2,2,5
310220233,2,2,5
310222010,2,2,6
310222011,2,2,6
310222012,2,2,6
310222013,2,2,6
310222033,2,2,6
311000111,1,4,5
311000222,2,4,5
311001000,1,3,4
311001001,1,3,4
311001002,1,3,4
311001003,1,3,4
311001010,1,3,4
311001011,1,3,4
311001012,1,3,4
311001013,1,3,4
311001020,1,3,4
311001021,1,3,4
311001022,1,3,4
311001023,1,3,4
311001033,1,3,4
311001100,1,3,4
311001100,1,3,4
311001101,1,3,4
311001101,1,3,4
311001101,1,4,7
311001102,1,3,4
311001102,1,3,4
311001103,1,3,4
311001103,1,3,4
311001110,1,3,4
311001110,1,3,4
311001110,1,3,4
311001110,1,4,8
311001112,1,3,4
311001112,1,3,4
311001112,1,3,4
311001113,1,3,4
311001113,1,3,4
311001113,1,3,4
311001120,1,3,4
311001120,1,3,4
311001121,1,3,4
311001121,1,3,4
311001122,1,3,4
311001122,1,3,4
311001123,1,3,4
311001123,1,3,4
311001133,1,3,4
311001133,1,3,4
311001200,1,3,4
311001201,1,3,4
311001202,1,3,4
311001203,1,3,4
311001210,1,3,4
311001211,1,3,4
311001212,1,3,4
311001213,1,3,4
311001220,1,3,4
311001221,1,3,4
311001222,1,3,4
311001223,1,3,4
311001233,1,3,4
311001333,1,3,4
311002202,2,4,7
311002221,2,3,4
311002223,2,3,4
311010000,1,3,5
311010001,1,3,5
311010002,1,3,5
311010003,1,3,5
311010010,1,3,5
311010011,1,5,6
311010011,1,3,5
311010012,1,3,5
311010013,1,3,5
311010020,1,3,5
311010021,1,3,5
311010022,1,3,5
311010023,1,3,5
311010033,1,3,5
311010100,1,3,5
311010101,1,3,5
311010102,1,3,5
311010103,1,3,5
311010112,1,3,5
311010113,1,3,5
311010120,1,3,5
311010121,1,3,5
311010122,1,3,5
311010123,1,3,5
311010133,1,3,5
311010200,1,3,5
311010201,1,3,5
311010202,1,3,5
311010203,1,3,5
311010210,1,3,5
311010211,1,3,5
311010212,1,3,5
311010213,1,3,5
311010220,1,3,5
311010221,1,3,5
311010222,1,3,5
311010223,1,3,5
311010233,1,3,5
311010333,1,3,5
311020022,2,5,6
311022002,2,6,7
311022021,2,3,6
311022023,2,3,6
311022201,2,3,7
311022203,2,3,7
311100000,1,4,5
311100001,1,4,5
311100002,1,4,5
311100003,1,4,5
311100010,1,4,5
311100011,1,4,5
311100012,1,4,5
311100013,1,4,5
311100020,1,4,5
311100021,1,4,5
311100022,1,4,5
311100023,1,4,5
311100033,1,4,5
311100100,1,4,5
311100100,1,4,5
311100101,1,4,5
311100101,1,4,5
311100102,1,4,5
311100102,1,4,5
311100103,1,4,5
311100103,1,4,5
311100110,1,4,5
311100110,1,4,5
311100110,1,4,5
311100111,1,4,5
311100111,1,4,5
311100111,1,4,5
311100111,1,4,5
311100112,1,4,5
311100112,1,4,5
311100112,1,4,5
311100113,1,4,5
311100113,1,4,5
311100113,1,4,5
311100120,1,4,5
311100120,1,4,5
311100121,1,4,5
311100121,1,4,5
311100122,1,4,5
311100122,1,4,5
311100123,1,4,5
311100123,1,4,5
311100133,1,4,5
311100133,1,4,5
311100200,1,4,5
311100201,1,4,5
311100202,1,4,5
311100203,1,4,5
311100210,1,4,5
311100211,1,4,5
311100212,1,4,5
311100213,1,4,5
311100220,1,4,5
311100221,1,4,5
311100222,1,4,5
311100222,2,4,5
311100223,1,4,5
311100233,1,4,5
311100333,1,4,5
311102202,2,4,7
311102220,2,4,8
311120022,2,5,6
311122002,2,6,7
311122020,2,6,8
311122200,2,7,8
311200111,1,4,5
311200220,2,4,5
311200221,2,4,5
311200222,2,4,5
311200222,2,4,5
311200223,2,4,5
311201101,1,4,7
311201110,1,4,8
311202202,2,4,7
311210011,1,5,6
311211001,1,6,7
311211010,1,6,8
311211100,1,7,8
311220020,2,5,6
311220021,2,5,6
311220022,2,5,6
311220022,2,5,6
311220023,2,5,6
311220200,2,5,7
311220201,2,5,7
311220202,2,5,7
311220203,2,5,7
311222000,2,6,7
311222001,2,6,7
311222002,2,6,7
311222002,2,6,7
311222003,2,6,7
312000111,1,4,5
312000222,2,4,5
312001101,1,4,7
312001112,1,3,4
312001113,1,3,4
312002200,2,3,4
312002201,2,3,4
312002202,2,3,4
312002202,2,4,7
312002203,2,3,4
312002210,2,3,4
312002211,2,3,4
312002212,2,3,4
312002213,2,3,4
312002220,2,3,4
312002220,2,3,4
312002220,2,4,8
312002221,2,3,4
312002221,2,3,4
312002223,2,3,4
312002223,2,3,4
312002233,2,3,4
312010011,1,5,6
312011001,1,6,7
312011012,1,3,6
312011013,1,3,6
312011102,1,3,7
312011103,1,3,7
312020022,2,5,6
312022002,2,6,7
312022021,2,3,6
312022023,2,3,6
312100110,1,4,5
312100111,1,4,5
312100111,1,4,5
312100112,1,4,5
312100113,1,4,5
312100222,2,4,5
312101101,1,4,7
312102202,2,4,7
312102220,2,4,8
312110010,1,5,6
312110011,1,5,6
312110011,1,5,6
312110012,1,5,6
312110013,1,5,6
312110100,1,5,7
312110101,1,5,7
312110102,1,5,7
312110103,1,5,7
312111000,1,6,7
312111001,1,6,7
312111001,1,6,7
312111002,1,6,7
312111003,1,6,7
312120022,2,5,6
312122002,2,6,7
312122020,2,6,8
312122200,2,7,8
312200111,1,4,5
312200200,2,4,5
312200201,2,4,5
312200202,2,4,5
312200203,2,4,5
312200210,2,4,5
312200211,2,4,5
312200212,2,4,5
312200213,2,4,5
312200220,2,4,5
312200220,2,4,5
312200221,2,4,5
312200221,2,4,5
312200222,2,4,5
312200222,2,4,5
312200222,2,4,5
312200223,2,4,5
312200223,2,4,5
312200233,2,4,5
312201101,1,4,7
312201110,1,4,8
312202000,2,4,6
312202001,2,4,6
312202002,2,4,6
312202003,2,4,6
312202010,2,4,6
312202011,2,4,6
312202012,2,4,6
312202013,2,4,6
312202020,2,4,6
312202021,2,4,6
312202022,2,4,6
312202023,2,4,6
312202033,2,4,6
312210011,1,5,6
312211001,1,6,7
312211010,1,6,8
312211100,1,7,8
312220000,2,5,6
312220001,2,5,6
312220002,2,5,6
312220003,2,5,6
312220010,2,5,6
312220011,2,5,6
312220012,2,5,6
312220013,2,5,6
312220020,2,5,6
312220020,2,5,6
312220021,2,5,6
312220021,2,5,6
312220022,2,5,6
312220022,2,5,6
312220022,2,5,6
312220023,2,5,6
312220023,2,5,6
312220033,2,5,6
320000111,1,4,5
320000222,2,4,5
320001101,1,4,7
320001110,1,3,4
320001110,1,4,8
320001112,1,3,4
320001113,1,3,4
320002202,2,4,7
320002220,2,3,4
320002220,2,4,8
320002221,2,3,4
320002223,2,3,4
320010011,1,5,6
320011001,1,6,7
320011012,1,3,6
320011013,1,3,6
320011120,1,2,3
320011121,1,2,3
320011122,1,2,3
320011123,1,2,3
320011133,1,2,3
320020022,2,5,6
320022000,2,2,3
320022001,2,2,3
320022002,2,2,3
320022002,2,6,7
320022003,2,2,3
320022010,2,2,3
320022011,2,2,3
320022012,2,2,3
320022013,2,2,3
320022021,2,2,3
320022021,2,3,6
320022023,2,2,3
320022023,2,3,6
320022033,2,2,3
320022100,2,2,3
320022101,2,2,3
320022102,2,2,3
320022103,2,2,3
320022110,2,2,3
320022111,2,2,3
320022112,2,2,3
320022113,2,2,3
320022120,2,2,3
320022121,2,2,3
320022122,2,2,3
320022123,2,2,3
320022133,2,2,3
320022210,2,2,3
320022210,2,2,3
320022211,2,2,3
320022211,2,2,3
320022212,2,2,3
320022212,2,2,3
320022213,2,2,3
320022213,2,2,3
320022233,2,2,3
320022233,2,2,3
320022333,2,2,3
320100110,1,4,5
320100111,1,4,5
320100111,1,4,5
320100112,1,4,5
320100113,1,4,5
320100222,2,4,5
320102202,2,4,7
320102220,2,4,8
320110010,1,5,6
320110011,1,5,6
320110011,1,5,6
320110012,1,5,6
320110013,1,5,6
320110120,1,2,5
320110121,1,2,5
320110122,1,2,5
320110123,1,2,5
320110133,1,2,5
320111020,1,2,6
320111021,1,2,6
320111022,1,2,6
320111023,1,2,6
320111033,1,2,6
320120022,2,5,6
320122002,2,6,7
320122020,2,6,8
320122200,2,7,8
320200111,1,4,5
320200220,2,4,5
320200221,2,4,5
320200222,2,4,5
320200222,2,4,5
320200223,2,4,5
320201101,1,4,7
320201110,1,4,8
320210011,1,5,6
320211001,1,6,7
320211010,1,6,8
320211100,1,7,8
320220020,2,5,6
320220021,2,5,6
320220022,2,5,6
320220022,2,5,6
320220023,2,5,6
320220210,2,2,5
320220211,2,2,5
320220212,2,2,5
320220213,2,2,5
320220233,2,2,5
321000111,1,4,5
321000222,2,4,5
321001100,1,3,4
321001101,1,3,4
321001101,1,4,7
321001102,1,3,4
321001103,1,3,4
321001110,1,3,4
321001110,1,3,4
321001110,1,4,8
321001112,1,3,4
321001112,1,3,4
321001113,1,3,4
321001113,1,3,4
321001120,1,3,4
321001121,1,3,4
321001122,1,3,4
321001123,1,3,4
321001133,1,3,4
321002202,2,4,7
321002221,2,3,4
321002223,2,3,4
321010011,1,5,6
321011001,1,6,7
321011012,1,3,6
321011013,1,3,6
321020022,2,5,6
321022002,2,6,7
321022021,2,3,6
321022023,2,3,6
321022201,2,3,7
321022203,2,3,7
321100100,1,4,5
321100101,1,4,5
321100102,1,4,5
321100103,1,4,5
321100110,1,4,5
321100110,1,4,5
321100111,1,4,5
321100111,1,4,5
321100111,1,4,5
321100112,1,4,5
321100112,1,4,5
321100113,1,4,5
321100113,1,4,5
321100120,1,4,5
321100121,1,4,5
321100122,1,4,5
321100123,1,4,5
321100133,1,4,5
321100222,2,4,5
321101000,1,4,6
321101001,1,4,6
321101002,1,4,6
321101003,1,4,6
321101010,1,4,6
321101011,1,4,6
321101012,1,4,6
321101013,1,4,6
321101020,1,4,6
321101021,1,4,6
321101022,1,4,6
321101023,1,4,6
321101033,1,4,6
321102202,2,4,7
321102220,2,4,8
321110000,1,5,6
321110001,1,5,6
321110002,1,5,6
321110003,1,5,6
321110010,1,5,6
321110010,1,5,6
321110011,1,5,6
321110011,1,5,6
321110011,1,5,6
321110012,1,5,6
321110012,1,5,6
321110013,1,5,6
321110013,1,5,6
321110020,1,5,6
321110021,1,5,6
321110022,1,5,6
321110023,1,5,6
321110033,1,5,6
321120022,2,5,6
321122002,2,6,7
321122020,2,6,8
321122200,2,7,8
321200111,1,4,5
321200220,2,4,5
321200221,2,4,5
321200222,2,4,5
321200222,2,4,5
321200223,2,4,5
321201101,1,4,7
321201110,1,4,8
321202202,2,4,7
321210011,1,5,6
321211001,1,6,7
321211010,1,6,8
321211100,1,7,8
321220020,2,5,6
321220021,2,5,6
321220022,2,5,6
321220022,2,5,6
321220023,2,5,6
321220200,2,5,7
321220201,2,5,7
321220202,2,5,7
321220203,2,5,7
321222000,2,6,7
321222001,2,6,7
321222002,2,6,7
321222002,2,6,7
321222003,2,6,7
322000111,1,4,5
322000222,2,4,5
322001101,1,4,7
322001112,1,3,4
322001113,1,3,4
322002000,2,3,4
322002001,2,3,4
322002002,2,3,4
322002003,2,3,4
322002010,2,3,4
322002011,2,3,4
322002012,2,3,4
322002013,2,3,4
322002020,2,3,4
322002021,2,3,4
322002022,2,3,4
322002023,2,3,4
322002033,2,3,4
322002100,2,3,4
322002101,2,3,4
322002102,2,3,4
322002103,2,3,4
322002110,2,3,4
322002111,2,3,4
322002112,2,3,4
322002113,2,3,4
322002120,2,3,4
322002121,2,3,4
322002122,2,3,4
322002123,2,3,4
322002133,2,3,4
322002200,2,3,4
322002200,2,3,4
322002201,2,3,4
322002201,2,3,4
322002202,2,3,4
322002202,2,3,4
322002202,2,4,7
322002203,2,3,4
322002203,2,3,4
322002210,2,3,4
322002210,2,3,4
322002211,2,3,4
322002211,2,3,4
322002212,2,3,4
322002212,2,3,4
322002213,2,3,4
322002213,2,3,4
322002220,2,3,4
322002220,2,3,4
322002220,2,3,4
322002220,2,4,8
322002221,2,3,4
322002221,2,3,4
322002221,2,3,4
322002223,2,3,4
322002223,2,3,4
322002223,2,3,4
322002233,2,3,4
322002233,2,3,4
322002333,2,3,4
322010011,1,5,6
322011001,1,6,7
322011012,1,3,6
322011013,1,3,6
322011102,1,3,7
322011103,1,3,7
322020000,2,3,5
322020001,2,3,5
322020002,2,3,5
322020003,2,3,5
322020010,2,3,5
322020011,2,3,5
322020012,2,3,5
322020013,2,3,5
322020020,2,3,5
322020021,2,3,5
322020022,2,5,6
322020022,2,3,5
322020023,2,3,5
322020033,2,3,5
322020100,2,3,5
322020101,2,3,5
322020102,2,3,5
322020103,2,3,5
322020110,2,3,5
322020111,2,3,5
322020112,2,3,5
322020113,2,3,5
322020120,2,3,5
322020121,2,3,5
322020122,2,3,5
322020123,2,3,5
322020133,2,3,5
322020200,2,3,5
322020201,2,3,5
322020202,2,3,5
322020203,2,3,5
322020210,2,3,5
322020211,2,3,5
322020212,2,3,5
322020213,2,3,5
322020221,2,3,5
322020223,2,3,5
322020233,2,3,5
322020333,2,3,5
322100110,1,4,5
322100111,1,4,5
322100111,1,4,5
322100112,1,4,5
322100113,1,4,5
322100222,2,4,5
322101101,1,4,7
322102202,2,4,7
322102220,2,4,8
322110010,1,5,6
322110011,1,5,6
322110011,1,5,6
322110012,1,5,6
322110013,1,5,6
322110100,1,5,7
322110101,1,5,7
322110102,1,5,7
322110103,1,5,7
322111000,1,6,7
322111001,1,6,7
322111001,1,6,7
322111002,1,6,7
322111003,1,6,7
322120022,2,5,6
322122002,2,6,7
322122020,2,6,8
322122200,2,7,8
322200000,2,4,5
322200001,2,4,5
322200002,2,4,5
322200003,2,4,5
322200010,2,4,5
322200011,2,4,5
322200012,2,4,5
322200013,2,4,5
322200020,2,4,5
322200021,2,4,5
322200022,2,4,5
322200023,2,4,5
322200033,2,4,5
322200100,2,4,5
322200101,2,4,5
322200102,2,4,5
322200103,2,4,5
322200110,2,4,5
322200111,1,4,5
322200111,2,4,5
322200112,2,4,5
322200113,2,4,5
322200120,2,4,5
322200121,2,4,5
322200122,2,4,5
322200123,2,4,5
322200133,2,4,5
322200200,2,4,5
322200200,2,4,5
322200201,2,4,5
322200201,2,4,5
322200202,2,4,5
322200202,2,4,5
322200203,2,4,5
322200203,2,4,5
322200210,2,4,5
322200210,2,4,5
322200211,2,4,5
322200211,2,4,5
322200212,2,4,5
322200212,2,4,5
322200213,2,4,5
322200213,2,4,5
322200220,2,4,5
322200220,2,4,5
322200220,2,4,5
322200221,2,4,5
322200221,2,4,5
322200221,2,4,5
322200222,2,4,5
322200222,2,4,5
322200222,2,4,5
322200222,2,4,5
322200223,2,4,5
322200223,2,4,5
322200223,2,4,5
322200233,2,4,5
322200233,2,4,5
322200333,2,4,5
322201101,1,4,7
322201110,1,4,8
322210011,1,5,6
322211001,1,6,7
322211010,1,6,8
322211100,1,7,8
330000111,1,4,5
330000222,2,4,5
330001101,1,4,7
330001110,1,3,4
330001110,1,4,8
330001112,1,3,4
330001113,1,3,4
330002202,2,4,7
330002220,2,3,4
330002220,2,4,8
330002221,2,3,4
330002223,2,3,4
330010011,1,5,6
330011001,1,6,7
330011012,1,3,6
330011013,1,3,6
330011120,1,2,3
330011121,1,2,3
330011122,1,2,3
330011123,1,2,3
330011133,1,2,3
330020022,2,5,6
330022002,2,6,7
330022021,2,3,6
330022023,2,3,6
330022210,2,2,3
330022211,2,2,3
330022212,2,2,3
330022213,2,2,3
330022233,2,2,3
330100110,1,4,5
330100111,1,4,5
330100111,1,4,5
330100112,1,4,5
330100113,1,4,5
330100222,2,4,5
330102202,2,4,7
330102220,2,4,8
330110010,1,5,6
330110011,1,5,6
330110011,1,5,6
330110012,1,5,6
330110013,1,5,6
330110120,1,2,5
330110121,1,2,5
330110122,1,2,5
330110123,1,2,5
330110133,1,2,5
330111020,1,2,6
330111021,1,2,6
330111022,1,2,6
330111023,1,2,6
330111033,1,2,6
330120022,2,5,6
330122002,2,6,7
330122020,2,6,8
330122200,2,7,8
330200111,1,4,5
330200220,2,4,5
330200221,2,4,5
330200222,2,4,5
330200222,2,4,5
330200223,2,4,5
330201101,1,4,7
330201110,1,4,8
330210011,1,5,6
330211001,1,6,7
330211010,1,6,8
330211100,1,7,8
330220020,2,5,6
330220021,2,5,6
330220022,2,5,6
330220022,2,5,6
330220023,2,5,6
330220210,2,2,5
330220211,2,2,5
330220212,2,2,5
330220213,2,2,5
330220233,2,2,5
330222010,2,2,6
330222011,2,2,6
330222012,2,2,6
330222013,2,2,6
330222033,2,2,6
331000111,1,4,5
331000222,2,4,5
331001100,1,3,4
331001101,1,3,4
331001101,1,4,7
331001102,1,3,4
331001103,1,3,4
331001110,1,3,4
331001110,1,3,4
331001110,1,4,8
331001112,1,3,4
331001112,1,3,4
331001113,1,3,4
331001113,1,3,4
331001120,1,3,4
331001121,1,3,4
331001122,1,3,4
331001123,1,3,4
331001133,1,3,4
331002202,2,4,7
331002221,2,3,4
331002223,2,3,4
331010011,1,5,6
331011001,1,6,7
331011012,1,3,6
331011013,1,3,6
331020022,2,5,6
331022002,2,6,7
331022021,2,3,6
331022023,2,3,6
331022201,2,3,7
331022203,2,3,7
331100100,1,4,5
331100101,1,4,5
331100102,1,4,5
331100103,1,4,5
331100110,1,4,5
331100110,1,4,5
331100111,1,4,5
331100111,1,4,5
331100111,1,4,5
331100112,1,4,5
331100112,1,4,5
331100113,1,4,5
331100113,1,4,5
331100120,1,4,5
331100121,1,4,5
331100122,1,4,5
331100123,1,4,5
331100133,1,4,5
331100222,2,4,5
331101000,1,4,6
331101001,1,4,6
331101002,1,4,6
331101003,1,4,6
331101010,1,4,6
331101011,1,4,6
331101012,1,4,6
331101013,1,4,6
331101020,1,4,6
331101021,1,4,6
331101022,1,4,6
331101023,1,4,6
331101033,1,4,6
331102202,2,4,7
331102220,2,4,8
331110000,1,5,6
331110001,1,5,6
331110002,1,5,6
331110003,1,5,6
331110010,1,5,6
331110010,1,5,6
331110011,1,5,6
331110011,1,5,6
331110011,1,5,6
331110012,1,5,6
331110012,1,5,6
331110013,1,5,6
331110013,1,5,6
331110020,1,5,6
331110021,1,5,6
331110022,1,5,6
331110023,1,5,6
331110033,1,5,6
331120022,2,5,6
331122002,2,6,7
331122020,2,6,8
331122200,2,7,8
331200111,1,4,5
331200220,2,4,5
331200221,2,4,5
331200222,2,4,5
331200222,2,4,5
331200223,2,4,5
331201101,1,4,7
331201110,1,4,8
331202202,2,4,7
331210011,1,5,6
331211001,1,6,7
331211010,1,6,8
331211100,1,7,8
331220020,2,5,6
331220021,2,5,6
331220022,2,5,6
331220022,2,5,6
331220023,2,5,6
331220200,2,5,7
331220201,2,5,7
331220202,2,5,7
331220203,2,5,7
331222000,2,6,7
331222001,2,6,7
331222002,2,6,7
331222002,2,6,7
331222003,2,6,7
332000111,1,4,5
332000222,2,4,5
332001101,1,4,7
332001112,1,3,4
332001113,1,3,4
332002200,2,3,4
332002201,2,3,4
332002202,2,3,4
332002202,2,4,7
332002203,2,3,4
332002210,2,3,4
332002211,2,3,4
332002212,2,3,4
332002213,2,3,4
332002220,2,3,4
332002220,2,3,4
332002220,2,4,8
332002221,2,3,4
332002221,2,3,4
332002223,2,3,4
332002223,2,3,4
332002233,2,3,4
332010011,1,5,6
332011001,1,6,7
332011012,1,3,6
332011013,1,3,6
332011102,1,3,7
332011103,1,3,7
332020022,2,5,6
332022002,2,6,7
332022021,2,3,6
332022023,2,3,6
332100110,1,4,5
332100111,1,4,5
332100111,1,4,5
332100112,1,4,5
332100113,1,4,5
332100222,2,4,5
332101101,1,4,7
332102202,2,4,7
332102220,2,4,8
332110010,1,5,6
332110011,1,5,6
332110011,1,5,6
332110012,1,5,6
332110013,1,5,6
332110100,1,5,7
332110101,1,5,7
332110102,1,5,7
332110103,1,5,7
332111000,1,6,7
332111001,1,6,7
332111001,1,6,7
332111002,1,6,7
332111003,1,6,7
332120022,2,5,6
332122002,2,6,7
332122020,2,6,8
332122200,2,7,8
332200111,1,4,5
332200200,2,4,5
332200201,2,4,5
332200202,2,4,5
332200203,2,4,5
332200210,2,4,5
332200211,2,4,5
332200212,2,4,5
332200213,2,4,5
332200220,2,4,5
332200220,2,4,5
332200221,2,4,5
332200221,2,4,5
332200222,2,4,5
332200222,2,4,5
332200222,2,4,5
332200223,2,4,5
332200223,2,4,5
332200233,2,4,5
332201101,1,4,7
332201110,1,4,8
332202000,2,4,6
332202001,2,4,6
332202002,2,4,6
332202003,2,4,6
332202010,2,4,6
332202011,2,4,6
332202012,2,4,6
332202013,2,4,6
332202020,2,4,6
332202021,2,4,6
332202022,2,4,6
332202023,2,4,6
332202033,2,4,6
332210011,1,5,6
332211001,1,6,7
332211010,1,6,8
332211100,1,7,8
332220000,2,5,6
332220001,2,5,6
332220002,2,5,6
332220003,2,5,6
332220010,2,5,6
332220011,2,5,6
332220012,2,5,6
332220013,2,5,6
332220020,2,5,6
332220020,2,5,6
332220021,2,5,6
332220021,2,5,6
332220022,2,5,6
332220022,2,5,6
332220022,2,5,6
332220023,2,5,6
332220023,2,5,6
332220033,2,5,6
333000111,1,4,5
333000222,2,4,5
333001101,1,4,7
333001112,1,3,4
333001113,1,3,4
333002202,2,4,7
333002221,2,3,4
333002223,2,3,4
333010011,1,5,6
333011001,1,6,7
333011012,1,3,6
333011013,1,3,6
333011102,1,3,7
333011103,1,3,7
333020022,2,5,6
333022002,2,6,7
333022021,2,3,6
333022023,2,3,6
333022201,2,3,7
333022203,2,3,7
333100110,1,4,5
333100111,1,4,5
333100111,1,4,5
333100112,1,4,5
333100113,1,4,5
333100222,2,4,5
333101101,1,4,7
333102202,2,4,7
333102220,2,4,8
333110010,1,5,6
333110011,1,5,6
333110011,1,5,6
333110012,1,5,6
333110013,1,5,6
333110100,1,5,7
333110101,1,5,7
333110102,1,5,7
333110103,1,5,7
333111000,1,6,7
333111001,1,6,7
333111001,1,6,7
333111002,1,6,7
333111003,1,6,7
333120022,2,5,6
333122002,2,6,7
333122020,2,6,8
333122200,2,7,8
333200111,1,4,5
333200220,2,4,5
333200221,2,4,5
333200222,2,4,5
333200222,2,4,5
333200223,2,4,5
333201101,1,4,7
333201110,1,4,8
333202202,2,4,7
333210011,1,5,6
333211001,1,6,7
333211010,1,6,8
333211100,1,7,8
333220020,2,5,6
333220021,2,5,6
333220022,2,5,6
333220022,2,5,6
333220023,2,5,6
333220200,2,5,7
333220201,2,5,7
333220202,2,5,7
333220203,2,5,7
333222000,2,6,7
333222001,2,6,7
333222002,2,6,7
333222002,2,6,7
333222003,2,6,7
333300111,1,4,5
333300222,2,4,5
333301101,1,4,7
333301110,1,4,8
333302202,2,4,7
333302220,2,4,8
333310011,1,5,6
333311001,1,6,7
333311010,1,6,8
333311100,1,7,8
333320022,2,5,6
333322002,2,6,7
333322020,2,6,8
333322200,2,7,8
